0 0.6782682512733447 0.2452153110047847 0.03225806451612903 0.045454545454545456
0 0.30475382003395585 0.5203349282296651 0.028862478777589132 0.045454545454545456
1 0.8845500848896435 0.8409090909090908 0.06112054329371817 0.09330143540669857
1 0.6706281833616299 0.8923444976076554 0.08488964346349745 0.07177033492822966
1 0.399830220713073 0.6770334928229664 0.06621392190152801 0.08612440191387559
1 0.5135823429541596 0.8074162679425837 0.05602716468590832 0.09330143540669857
1 0.9439728353140917 0.6148325358851674 0.07130730050933785 0.08612440191387559
1 0.8438030560271647 0.9413875598086124 0.07130730050933785 0.09330143540669857
1 0.8726655348047538 0.7248803827751196 0.06112054329371817 0.08612440191387559
1 0.5543293718166383 0.9246411483253588 0.06621392190152801 0.07894736842105263
