0 0.266553480475382 0.5215311004784688 0.030560271646859084 0.05263157894736842
0 0.7249575551782682 0.2535885167464115 0.030560271646859084 0.043062200956937795
0 0.8404074702886247 0.7368421052631579 0.06112054329371817 0.08612440191387559
0 0.7275042444821732 0.8947368421052632 0.06621392190152801 0.10047846889952153
0 0.6519524617996604 0.6794258373205742 0.06112054329371817 0.08612440191387559
0 0.4134125636672326 0.7535885167464115 0.06621392190152801 0.08612440191387559
0 0.6129032258064516 0.9186602870813396 0.06112054329371817 0.08612440191387559
0 0.9320882852292021 0.7607655502392344 0.06112054329371817 0.10047846889952153
0 0.8828522920203735 0.8636363636363636 0.07130730050933785 0.08612440191387559
0 0.7402376910016978 0.6148325358851674 0.07130730050933785 0.08612440191387559
