0 0.5909090909090908 0.23214285714285712 0.05454545454545454 0.07857142857142857
0 0.21818181818181817 0.19999999999999998 0.09090909090909091 0.09999999999999999
0 0.45909090909090905 0.34285714285714286 0.08181818181818182 0.12857142857142856
0 0.35 0.75 0.09999999999999999 0.11428571428571428
0 0.12954545454545455 0.3892857142857143 0.06818181818181818 0.09285714285714286
0 0.5909090909090908 0.5571428571428572 0.045454545454545456 0.17142857142857143
0 0.8272727272727273 0.7357142857142857 0.09999999999999999 0.15714285714285714
0 0.3181818181818182 0.5428571428571428 0.09090909090909091 0.12857142857142856
0 0.10227272727272727 0.16785714285714284 0.05909090909090909 0.10714285714285714
0 0.7818181818181817 0.24285714285714285 0.09999999999999999 0.12857142857142856
0 0.1409090909090909 0.8071428571428572 0.09090909090909091 0.14285714285714285
