0 0.5909090909090908 0.23214285714285712 0.05454545454545454 0.07857142857142857
0 0.3818181818181818 0.17142857142857143 0.08181818181818182 0.12857142857142856
0 0.22272727272727272 0.4928571428571428 0.09090909090909091 0.17142857142857143
0 0.7568181818181818 0.4321428571428571 0.06818181818181818 0.10714285714285714
0 0.09999999999999999 0.3214285714285714 0.09999999999999999 0.15714285714285714
0 0.6909090909090909 0.7214285714285714 0.08181818181818182 0.11428571428571428
0 0.2909090909090909 0.7999999999999999 0.08181818181818182 0.14285714285714285
0 0.7954545454545454 0.18571428571428572 0.08181818181818182 0.12857142857142856
0 0.8863636363636364 0.85 0.09999999999999999 0.12857142857142856
0 0.6 0.40714285714285714 0.09999999999999999 0.15714285714285714
