0 0.56015625 0.15104166666666666 0.035937500000000004 0.04375
0 0.95078125 0.121875 0.026562500000000003 0.04375
0 0.65546875 0.13854166666666667 0.035937500000000004 0.03958333333333333
0 0.728125 0.15 0.034375 0.041666666666666664
0 0.8453125 0.121875 0.034375 0.04791666666666666
0 0.3046875 0.8708333333333333 0.040625 0.058333333333333334
0 0.721875 0.7604166666666666 0.046875 0.04583333333333333
0 0.7898437500000001 0.484375 0.0203125 0.03125
0 0.2625 0.6833333333333333 0.037500000000000006 0.041666666666666664
0 0.4625 0.7666666666666666 0.037500000000000006 0.05
0 0.5421875 0.2583333333333333 0.037500000000000006 0.04583333333333333
0 0.2171875 0.7916666666666666 0.037500000000000006 0.05416666666666667
0 0.7265625 0.4979166666666667 0.034375 0.041666666666666664
0 0.3453125 0.11875 0.025 0.029166666666666667
