0 0.56015625 0.15104166666666666 0.035937500000000004 0.04375
0 0.95078125 0.121875 0.026562500000000003 0.04375
0 0.65546875 0.13854166666666667 0.035937500000000004 0.03958333333333333
0 0.728125 0.15 0.034375 0.041666666666666664
0 0.8453125 0.121875 0.034375 0.04791666666666666
1 0.9539062500000001 0.6833333333333333 0.0765625 0.075
1 0.5359375000000001 0.734375 0.05625 0.08125
1 0.43281250000000004 0.71875 0.065625 0.075
1 0.4703125 0.8125 0.05625 0.075
1 0.90625 0.60625 0.07187500000000001 0.075
1 0.76328125 0.63125 0.060937500000000006 0.075
1 0.65625 0.85625 0.07187500000000001 0.075
1 0.89453125 0.7875 0.060937500000000006 0.0875
