0 0.56015625 0.15104166666666666 0.035937500000000004 0.04375
0 0.95078125 0.121875 0.026562500000000003 0.04375
0 0.65546875 0.13854166666666667 0.035937500000000004 0.03958333333333333
0 0.728125 0.15 0.034375 0.041666666666666664
0 0.8453125 0.121875 0.034375 0.04791666666666666
0 0.6078125000000001 0.7125 0.03125 0.041666666666666664
0 0.43593750000000003 0.4895833333333333 0.021875000000000002 0.03333333333333333
0 0.26640625 0.4427083333333333 0.0234375 0.03125
0 0.3765625 0.70625 0.034375 0.0375
0 0.44062500000000004 0.8458333333333333 0.028125 0.03333333333333333
0 0.5375 0.3958333333333333 0.028125 0.04583333333333333
