0 0.56015625 0.15104166666666666 0.035937500000000004 0.04375
0 0.95078125 0.121875 0.026562500000000003 0.04375
0 0.65546875 0.13854166666666667 0.035937500000000004 0.03958333333333333
0 0.728125 0.15 0.034375 0.041666666666666664
0 0.8453125 0.121875 0.034375 0.04791666666666666
0 0.675 0.51875 0.037500000000000006 0.04583333333333333
0 0.6046875 0.8854166666666666 0.037500000000000006 0.04583333333333333
0 0.2515625 0.7229166666666667 0.03125 0.05
0 0.32890625 0.7770833333333333 0.045312500000000006 0.04583333333333333
0 0.6296875000000001 0.7729166666666667 0.028125 0.041666666666666664
0 0.153125 0.75625 0.03125 0.0375
0 0.6015625 0.6958333333333333 0.03125 0.0375
0 0.45937500000000003 0.8125 0.040625 0.04583333333333333
