0 0.56015625 0.15104166666666666 0.035937500000000004 0.04375
0 0.95078125 0.121875 0.026562500000000003 0.04375
0 0.65546875 0.13854166666666667 0.035937500000000004 0.03958333333333333
0 0.728125 0.15 0.034375 0.041666666666666664
0 0.8453125 0.121875 0.034375 0.04791666666666666
0 0.7671875 0.71875 0.037500000000000006 0.04583333333333333
0 0.21796875000000002 0.696875 0.0234375 0.03125
0 0.534375 0.2916666666666667 0.03125 0.04583333333333333
0 0.5421875 0.43333333333333335 0.028125 0.0375
0 0.7265625 0.8854166666666666 0.028125 0.041666666666666664
0 0.215625 0.10208333333333333 0.03125 0.04583333333333333
0 0.1765625 0.20208333333333334 0.034375 0.04583333333333333
