0 0.56015625 0.15104166666666666 0.035937500000000004 0.04375
0 0.95078125 0.121875 0.026562500000000003 0.04375
0 0.65546875 0.13854166666666667 0.035937500000000004 0.03958333333333333
0 0.728125 0.15 0.034375 0.041666666666666664
0 0.8453125 0.121875 0.034375 0.04791666666666666
0 0.1234375 0.66875 0.03125 0.04583333333333333
0 0.8695312500000001 0.334375 0.0203125 0.03125
0 0.1171875 0.7666666666666666 0.025 0.03333333333333333
0 0.6828125 0.19791666666666666 0.034375 0.05416666666666667
0 0.6234375000000001 0.6552083333333333 0.046875 0.06458333333333333
0 0.6078125000000001 0.3854166666666667 0.040625 0.041666666666666664
0 0.7359375 0.6 0.040625 0.041666666666666664
0 0.5703125 0.5625 0.03125 0.04583333333333333
0 0.3171875 0.29791666666666666 0.034375 0.041666666666666664
0 0.215625 0.6916666666666667 0.037500000000000006 0.05
