0 0.56015625 0.15104166666666666 0.035937500000000004 0.04375
0 0.95078125 0.121875 0.026562500000000003 0.04375
0 0.65546875 0.13854166666666667 0.035937500000000004 0.03958333333333333
0 0.728125 0.15 0.034375 0.041666666666666664
0 0.8453125 0.121875 0.034375 0.04791666666666666
0 0.33906250000000004 0.45416666666666666 0.025 0.05
0 0.6875 0.7895833333333333 0.034375 0.041666666666666664
0 0.5421875 0.5 0.03125 0.041666666666666664
0 0.49062500000000003 0.76875 0.034375 0.0375
0 0.87890625 0.7510416666666666 0.0234375 0.03125
