0 0.5818181818181818 0.22857142857142856 0.06363636363636363 0.09999999999999999
0 0.7681818181818182 0.5642857142857143 0.09090909090909091 0.14285714285714285
0 0.3727272727272727 0.75 0.12727272727272726 0.18571428571428572
0 0.3045454545454545 0.4857142857142857 0.09999999999999999 0.14285714285714285
0 0.8863636363636364 0.4357142857142857 0.08181818181818182 0.15714285714285714
0 0.5045454545454545 0.4928571428571428 0.10909090909090909 0.14285714285714285
0 0.5704545454545454 0.3464285714285714 0.05909090909090909 0.10714285714285714
0 0.7227272727272727 0.6928571428571428 0.07272727272727272 0.09999999999999999
0 0.3045454545454545 0.2785714285714286 0.09999999999999999 0.14285714285714285
0 0.7863636363636364 0.11428571428571428 0.09090909090909091 0.14285714285714285
0 0.5227272727272727 0.7999999999999999 0.09999999999999999 0.14285714285714285
