0 0.5818181818181818 0.22857142857142856 0.06363636363636363 0.09999999999999999
0 0.8090909090909091 0.8428571428571429 0.09090909090909091 0.15714285714285714
0 0.48636363636363633 0.3857142857142857 0.10909090909090909 0.17142857142857143
0 0.48636363636363633 0.10714285714285714 0.08181818181818182 0.15714285714285714
0 0.4727272727272727 0.7642857142857142 0.09999999999999999 0.12857142857142856
0 0.7681818181818182 0.6071428571428571 0.09090909090909091 0.11428571428571428
0 0.2636363636363636 0.6642857142857143 0.07272727272727272 0.09999999999999999
0 0.2909090909090909 0.17857142857142858 0.09999999999999999 0.14285714285714285
0 0.7863636363636364 0.39999999999999997 0.09090909090909091 0.12857142857142856
0 0.33636363636363636 0.6214285714285714 0.06363636363636363 0.19999999999999998
