0 0.69296875 0.1375 0.035937500000000004 0.05
0 0.88046875 0.11770833333333333 0.0390625 0.05625
0 0.59921875 0.15208333333333332 0.0390625 0.058333333333333334
0 0.765625 0.15 0.03125 0.05
0 0.98359375 0.11979166666666667 0.026562500000000003 0.052083333333333336
1 0.5796875 0.8520833333333333 0.034375 0.125
1 0.55078125 0.6875 0.060937500000000006 0.0875
1 0.521875 0.9229166666666666 0.05625 0.075
1 0.4 0.728125 0.065625 0.08125
1 0.8812500000000001 0.790625 0.05625 0.08125
1 0.796875 0.9249999999999999 0.05625 0.0875
1 0.3828125 0.61875 0.065625 0.075
1 0.7093750000000001 0.9479166666666666 0.07187500000000001 0.075
