0 0.69296875 0.1375 0.035937500000000004 0.05
0 0.88046875 0.11770833333333333 0.0390625 0.05625
0 0.59921875 0.15208333333333332 0.0390625 0.058333333333333334
0 0.765625 0.15 0.03125 0.05
0 0.98359375 0.11979166666666667 0.026562500000000003 0.052083333333333336
0 0.6921875000000001 0.3458333333333333 0.040625 0.04583333333333333
0 0.7781250000000001 0.31666666666666665 0.03125 0.04583333333333333
0 0.3125 0.5166666666666666 0.034375 0.041666666666666664
0 0.5359375000000001 0.21875 0.028125 0.0375
0 0.4734375 0.5166666666666666 0.025 0.041666666666666664
0 0.7093750000000001 0.8979166666666667 0.040625 0.04583333333333333
0 0.26406250000000003 0.5708333333333333 0.028125 0.04583333333333333
