0 0.69296875 0.1375 0.035937500000000004 0.05
0 0.88046875 0.11770833333333333 0.0390625 0.05625
0 0.59921875 0.15208333333333332 0.0390625 0.058333333333333334
0 0.765625 0.15 0.03125 0.05
0 0.98359375 0.11979166666666667 0.026562500000000003 0.052083333333333336
0 0.8734375000000001 0.2833333333333333 0.034375 0.041666666666666664
0 0.2703125 0.1375 0.03125 0.04583333333333333
0 0.7796875000000001 0.36875 0.025 0.041666666666666664
0 0.7203125 0.7625 0.043750000000000004 0.05
0 0.15781250000000002 0.3333333333333333 0.043750000000000004 0.05416666666666667
0 0.8500000000000001 0.4791666666666667 0.028125 0.041666666666666664
0 0.47187500000000004 0.27708333333333335 0.03125 0.03333333333333333
0 0.8296875 0.15208333333333332 0.028125 0.041666666666666664
0 0.49531250000000004 0.4875 0.040625 0.058333333333333334
0 0.6109375 0.5052083333333334 0.040625 0.035416666666666666
