0 0.69296875 0.1375 0.035937500000000004 0.05
0 0.88046875 0.11770833333333333 0.0390625 0.05625
0 0.59921875 0.15208333333333332 0.0390625 0.058333333333333334
0 0.765625 0.15 0.03125 0.05
0 0.98359375 0.11979166666666667 0.026562500000000003 0.052083333333333336
0 0.27968750000000003 0.3104166666666667 0.03125 0.04583333333333333
0 0.4140625 0.36041666666666666 0.03125 0.041666666666666664
0 0.734375 0.5395833333333333 0.028125 0.04583333333333333
0 0.2234375 0.7520833333333333 0.025 0.041666666666666664
0 0.8250000000000001 0.4791666666666667 0.053125000000000006 0.05
0 0.52578125 0.7114583333333333 0.0234375 0.027083333333333334
