0 0.69296875 0.1375 0.035937500000000004 0.05
0 0.88046875 0.11770833333333333 0.0390625 0.05625
0 0.59921875 0.15208333333333332 0.0390625 0.058333333333333334
0 0.765625 0.15 0.03125 0.05
0 0.98359375 0.11979166666666667 0.026562500000000003 0.052083333333333336
0 0.109375 0.7729166666666667 0.025 0.03333333333333333
0 0.31562500000000004 0.6229166666666667 0.043750000000000004 0.05
0 0.7601562500000001 0.484375 0.0203125 0.03125
0 0.153125 0.32916666666666666 0.034375 0.05
0 0.5765625 0.6895833333333333 0.028125 0.04583333333333333
0 0.32734375000000004 0.3072916666666667 0.0234375 0.027083333333333334
0 0.4078125 0.18125 0.028125 0.0375
0 0.7937500000000001 0.30625 0.03125 0.041666666666666664
0 0.6515625 0.69375 0.021875000000000002 0.03333333333333333
