0 0.69296875 0.1375 0.035937500000000004 0.05
0 0.88046875 0.11770833333333333 0.0390625 0.05625
0 0.59921875 0.15208333333333332 0.0390625 0.058333333333333334
0 0.765625 0.15 0.03125 0.05
0 0.98359375 0.11979166666666667 0.026562500000000003 0.052083333333333336
0 0.47968750000000004 0.75 0.043750000000000004 0.05416666666666667
0 0.2078125 0.1625 0.034375 0.041666666666666664
0 0.88828125 0.7052083333333333 0.0203125 0.03125
0 0.3015625 0.35625 0.025 0.03333333333333333
0 0.18906250000000002 0.2791666666666667 0.043750000000000004 0.041666666666666664
0 0.5046875000000001 0.30625 0.03125 0.04583333333333333
0 0.8765625 0.8125 0.03125 0.041666666666666664
0 0.17343750000000002 0.6916666666666667 0.034375 0.041666666666666664
