0 0.69296875 0.1375 0.035937500000000004 0.05
0 0.88046875 0.11770833333333333 0.0390625 0.05625
0 0.59921875 0.15208333333333332 0.0390625 0.058333333333333334
0 0.765625 0.15 0.03125 0.05
0 0.98359375 0.11979166666666667 0.026562500000000003 0.052083333333333336
0 0.4765625 0.8624999999999999 0.040625 0.04583333333333333
0 0.546875 0.33125 0.025 0.0375
0 0.11875000000000001 0.4895833333333333 0.040625 0.041666666666666664
0 0.8765625 0.5604166666666667 0.025 0.03333333333333333
0 0.33906250000000004 0.81875 0.03125 0.04583333333333333
