0 0.63671875 0.15208333333333332 0.035937500000000004 0.05
0 0.7984375 0.153125 0.034375 0.03958333333333333
0 0.73046875 0.13958333333333334 0.0328125 0.04583333333333333
0 0.91328125 0.121875 0.0421875 0.04375
0 0.7578125 0.6833333333333333 0.037500000000000006 0.04583333333333333
0 0.8656250000000001 0.15416666666666667 0.03125 0.058333333333333334
0 0.6640625 0.5625 0.028125 0.03333333333333333
0 0.3484375 0.6395833333333333 0.03125 0.041666666666666664
0 0.14765625000000002 0.5927083333333333 0.0234375 0.027083333333333334
0 0.61875 0.46458333333333335 0.037500000000000006 0.058333333333333334
0 0.8367187500000001 0.715625 0.0234375 0.03125
0 0.4 0.8291666666666666 0.043750000000000004 0.04583333333333333
0 0.478125 0.6229166666666667 0.037500000000000006 0.05
