0 0.63671875 0.15208333333333332 0.035937500000000004 0.05
0 0.7984375 0.153125 0.034375 0.03958333333333333
0 0.73046875 0.13958333333333334 0.0328125 0.04583333333333333
0 0.91328125 0.121875 0.0421875 0.04375
0 0.87109375 0.640625 0.0234375 0.03125
0 0.1859375 0.39375 0.03125 0.041666666666666664
0 0.275 0.79375 0.03125 0.04583333333333333
0 0.15156250000000002 0.2520833333333333 0.03125 0.058333333333333334
0 0.23828125 0.6072916666666667 0.0203125 0.03125
0 0.3828125 0.45208333333333334 0.03125 0.04583333333333333
0 0.5953125 0.25625 0.037500000000000006 0.04583333333333333
