0 0.63671875 0.15208333333333332 0.035937500000000004 0.05
0 0.7984375 0.153125 0.034375 0.03958333333333333
0 0.73046875 0.13958333333333334 0.0328125 0.04583333333333333
0 0.91328125 0.121875 0.0421875 0.04375
0 0.7718750000000001 0.6395833333333333 0.025 0.0375
0 0.290625 0.1125 0.034375 0.041666666666666664
0 0.509375 0.25625 0.034375 0.041666666666666664
0 0.7625000000000001 0.8333333333333334 0.03125 0.05
0 0.50546875 0.35104166666666664 0.0234375 0.027083333333333334
0 0.40859375000000003 0.6489583333333333 0.0234375 0.03125
0 0.76875 0.4583333333333333 0.034375 0.03333333333333333
0 0.50625 0.475 0.028125 0.0375
0 0.2625 0.8645833333333334 0.028125 0.04583333333333333
0 0.3828125 0.4354166666666667 0.034375 0.04583333333333333
