0 0.63671875 0.15208333333333332 0.035937500000000004 0.05
0 0.7984375 0.153125 0.034375 0.03958333333333333
0 0.73046875 0.13958333333333334 0.0328125 0.04583333333333333
0 0.91328125 0.121875 0.0421875 0.04375
0 0.55625 0.525 0.025 0.029166666666666667
0 0.8046875 0.81875 0.028125 0.0375
0 0.859375 0.47291666666666665 0.028125 0.041666666666666664
0 0.5859375 0.6270833333333333 0.028125 0.03333333333333333
0 0.15781250000000002 0.4395833333333333 0.037500000000000006 0.05
0 0.4390625 0.8875 0.028125 0.0375
