0 0.63671875 0.15208333333333332 0.035937500000000004 0.05
0 0.7984375 0.153125 0.034375 0.03958333333333333
0 0.73046875 0.13958333333333334 0.0328125 0.04583333333333333
0 0.91328125 0.121875 0.0421875 0.04375
0 0.8546875 0.7770833333333333 0.025 0.041666666666666664
0 0.50625 0.3875 0.037500000000000006 0.05416666666666667
0 0.353125 0.4708333333333333 0.043750000000000004 0.04583333333333333
0 0.565625 0.6979166666666666 0.028125 0.04583333333333333
0 0.6687500000000001 0.8520833333333333 0.015625 0.05
0 0.628125 0.225 0.040625 0.04583333333333333
0 0.83125 0.8604166666666666 0.028125 0.0375
0 0.215625 0.5979166666666667 0.037500000000000006 0.041666666666666664
