0 0.5886363636363636 0.23214285714285712 0.05909090909090909 0.09285714285714286
0 0.5431818181818182 0.625 0.06818181818181818 0.09285714285714286
0 0.45909090909090905 0.8214285714285714 0.12727272727272726 0.18571428571428572
0 0.6227272727272727 0.7571428571428571 0.09999999999999999 0.14285714285714285
0 0.35454545454545455 0.37142857142857144 0.09999999999999999 0.14285714285714285
0 0.36363636363636365 0.10714285714285714 0.09090909090909091 0.15714285714285714
0 0.4431818181818182 0.28214285714285714 0.06818181818181818 0.10714285714285714
0 0.17727272727272728 0.5 0.11818181818181818 0.15714285714285714
0 0.6954545454545454 0.29285714285714287 0.06363636363636363 0.11428571428571428
0 0.7477272727272727 0.6321428571428571 0.06818181818181818 0.10714285714285714
0 0.7840909090909091 0.3464285714285714 0.05909090909090909 0.10714285714285714
