0 0.5886363636363636 0.23214285714285712 0.05909090909090909 0.09285714285714286
0 0.6136363636363636 0.5857142857142857 0.08181818181818182 0.11428571428571428
0 0.21818181818181817 0.12142857142857143 0.08181818181818182 0.12857142857142856
0 0.7272727272727273 0.6857142857142857 0.09999999999999999 0.17142857142857143
0 0.8272727272727273 0.39285714285714285 0.11818181818181818 0.17142857142857143
0 0.6522727272727272 0.2464285714285714 0.05909090909090909 0.10714285714285714
0 0.4727272727272727 0.11428571428571428 0.09090909090909091 0.12857142857142856
0 0.41363636363636364 0.40714285714285714 0.14545454545454545 0.17142857142857143
0 0.7090909090909091 0.4928571428571428 0.08181818181818182 0.14285714285714285
0 0.2681818181818182 0.5142857142857142 0.09999999999999999 0.15714285714285714
