0 0.56015625 0.15208333333333332 0.0328125 0.04583333333333333
0 0.84375 0.11875 0.037500000000000006 0.04583333333333333
0 0.6570312500000001 0.13854166666666667 0.035937500000000004 0.04375
0 0.72578125 0.153125 0.0328125 0.04791666666666666
0 0.9539062500000001 0.121875 0.0421875 0.04375
0 0.59921875 0.353125 0.0203125 0.03125
0 0.35625 0.46249999999999997 0.034375 0.041666666666666664
0 0.39375000000000004 0.70625 0.034375 0.05
0 0.6859375000000001 0.70625 0.037500000000000006 0.041666666666666664
0 0.6796875 0.20625 0.03125 0.041666666666666664
0 0.2828125 0.45625 0.034375 0.041666666666666664
0 0.38671875 0.48020833333333335 0.0234375 0.03125
