0 0.56015625 0.15208333333333332 0.0328125 0.04583333333333333
0 0.84375 0.11875 0.037500000000000006 0.04583333333333333
0 0.6570312500000001 0.13854166666666667 0.035937500000000004 0.04375
0 0.72578125 0.153125 0.0328125 0.04791666666666666
0 0.9539062500000001 0.121875 0.0421875 0.04375
0 0.55 0.75 0.03125 0.041666666666666664
0 0.5328125 0.5375 0.03125 0.0375
0 0.4625 0.1625 0.025 0.029166666666666667
0 0.6453125000000001 0.7625 0.034375 0.041666666666666664
0 0.5609375 0.4666666666666667 0.028125 0.0375
0 0.4625 0.27708333333333335 0.034375 0.041666666666666664
0 0.34453125 0.6552083333333333 0.0234375 0.03125
0 0.1796875 0.7375 0.028125 0.04583333333333333
