0 0.56015625 0.15208333333333332 0.0328125 0.04583333333333333
0 0.84375 0.11875 0.037500000000000006 0.04583333333333333
0 0.6570312500000001 0.13854166666666667 0.035937500000000004 0.04375
0 0.72578125 0.153125 0.0328125 0.04791666666666666
0 0.9539062500000001 0.121875 0.0421875 0.04375
0 0.465625 0.8979166666666667 0.043750000000000004 0.05416666666666667
0 0.296875 0.14166666666666666 0.028125 0.03333333333333333
0 0.7578125 0.8916666666666666 0.03125 0.04583333333333333
0 0.696875 0.7729166666666667 0.034375 0.041666666666666664
0 0.753125 0.75625 0.03125 0.04583333333333333
0 0.690625 0.66875 0.034375 0.03333333333333333
0 0.15546875000000002 0.5989583333333334 0.0203125 0.03125
0 0.31875000000000003 0.5041666666666667 0.03125 0.04583333333333333
0 0.7078125000000001 0.30416666666666664 0.028125 0.04583333333333333
