0 0.56015625 0.15208333333333332 0.0328125 0.04583333333333333
0 0.84375 0.11875 0.037500000000000006 0.04583333333333333
0 0.6570312500000001 0.13854166666666667 0.035937500000000004 0.04375
0 0.72578125 0.153125 0.0328125 0.04791666666666666
0 0.9539062500000001 0.121875 0.0421875 0.04375
0 0.15781250000000002 0.3875 0.028125 0.0375
0 0.3921875 0.3770833333333333 0.03125 0.04583333333333333
0 0.8140625 0.7854166666666667 0.037500000000000006 0.04583333333333333
0 0.40156250000000004 0.8791666666666667 0.028125 0.0375
0 0.8546875 0.58125 0.03125 0.04583333333333333
0 0.8375 0.6770833333333334 0.03125 0.041666666666666664
