0 0.56015625 0.15208333333333332 0.0328125 0.04583333333333333
0 0.84375 0.11875 0.037500000000000006 0.04583333333333333
0 0.6570312500000001 0.13854166666666667 0.035937500000000004 0.04375
0 0.72578125 0.153125 0.0328125 0.04791666666666666
0 0.9539062500000001 0.121875 0.0421875 0.04375
0 0.6140625000000001 0.1875 0.028125 0.041666666666666664
0 0.109375 0.8604166666666666 0.028125 0.04583333333333333
0 0.40937500000000004 0.5458333333333333 0.028125 0.03333333333333333
0 0.3796875 0.30833333333333335 0.028125 0.0375
0 0.51015625 0.8239583333333333 0.0234375 0.03125
0 0.5281250000000001 0.6395833333333333 0.034375 0.04583333333333333
0 0.54140625 0.7239583333333334 0.0234375 0.03125
0 0.76875 0.6208333333333333 0.03125 0.041666666666666664
0 0.215625 0.24583333333333332 0.03125 0.04583333333333333
0 0.48750000000000004 0.42916666666666664 0.043750000000000004 0.04583333333333333
