0 0.5818181818181818 0.22857142857142856 0.05454545454545454 0.08571428571428572
0 0.37727272727272726 0.7357142857142857 0.11818181818181818 0.14285714285714285
0 0.3409090909090909 0.3357142857142857 0.07272727272727272 0.09999999999999999
0 0.26136363636363635 0.7678571428571428 0.06818181818181818 0.10714285714285714
0 0.5681818181818181 0.09285714285714286 0.08181818181818182 0.11428571428571428
0 0.6227272727272727 0.7071428571428571 0.09999999999999999 0.12857142857142856
0 0.5363636363636364 0.8857142857142857 0.09090909090909091 0.19999999999999998
0 0.24545454545454545 0.12857142857142856 0.08181818181818182 0.14285714285714285
0 0.3409090909090909 0.5214285714285715 0.09999999999999999 0.18571428571428572
0 0.6954545454545454 0.20714285714285713 0.09999999999999999 0.12857142857142856
0 0.22272727272727272 0.6142857142857142 0.10909090909090909 0.11428571428571428
