0 0.5818181818181818 0.22857142857142856 0.05454545454545454 0.08571428571428572
0 0.22727272727272727 0.2357142857142857 0.08181818181818182 0.15714285714285714
0 0.7727272727272727 0.8214285714285714 0.09999999999999999 0.14285714285714285
0 0.7999999999999999 0.6357142857142857 0.09999999999999999 0.14285714285714285
0 0.35454545454545455 0.35 0.10909090909090909 0.11428571428571428
0 0.21818181818181817 0.5428571428571428 0.09999999999999999 0.15714285714285714
0 0.15454545454545454 0.7857142857142857 0.09090909090909091 0.12857142857142856
0 0.36363636363636365 0.7785714285714286 0.09999999999999999 0.12857142857142856
0 0.5363636363636364 0.5714285714285714 0.09090909090909091 0.15714285714285714
0 0.32727272727272727 0.17857142857142858 0.09999999999999999 0.17142857142857143
