0 0.9031250000000001 0.11875 0.040625 0.041666666666666664
0 0.7898437500000001 0.15208333333333332 0.0328125 0.04583333333333333
0 0.6257812500000001 0.15104166666666666 0.035937500000000004 0.03958333333333333
0 0.7195312500000001 0.140625 0.0328125 0.04791666666666666
1 0.79296875 0.796875 0.051562500000000004 0.08125
1 0.49375 0.8 0.05625 0.075
1 0.8929687500000001 0.825 0.0765625 0.075
1 0.7296875 0.8583333333333333 0.05625 0.0875
1 0.3640625 0.8447916666666666 0.065625 0.08125
1 0.625 0.796875 0.05625 0.08125
1 0.828125 0.6875 0.078125 0.0625
1 0.6062500000000001 0.8729166666666667 0.078125 0.0625
