0 0.9031250000000001 0.11875 0.040625 0.041666666666666664
0 0.7898437500000001 0.15208333333333332 0.0328125 0.04583333333333333
0 0.6257812500000001 0.15104166666666666 0.035937500000000004 0.03958333333333333
0 0.7195312500000001 0.140625 0.0328125 0.04791666666666666
0 0.11875000000000001 0.4979166666666667 0.034375 0.041666666666666664
0 0.49375 0.4583333333333333 0.034375 0.0375
0 0.27968750000000003 0.5020833333333333 0.034375 0.05416666666666667
0 0.65625 0.475 0.034375 0.0375
0 0.71875 0.7416666666666667 0.043750000000000004 0.0375
0 0.1203125 0.1875 0.034375 0.04583333333333333
0 0.16875 0.8208333333333333 0.03125 0.04583333333333333
0 0.1046875 0.6041666666666666 0.03125 0.04583333333333333
0 0.33906250000000004 0.6020833333333333 0.03125 0.0375
