0 0.9031250000000001 0.11875 0.040625 0.041666666666666664
0 0.7898437500000001 0.15208333333333332 0.0328125 0.04583333333333333
0 0.6257812500000001 0.15104166666666666 0.035937500000000004 0.03958333333333333
0 0.7195312500000001 0.140625 0.0328125 0.04791666666666666
0 0.7390625000000001 0.3145833333333333 0.034375 0.041666666666666664
0 0.484375 0.27708333333333335 0.034375 0.05
0 0.70625 0.5375 0.037500000000000006 0.05
0 0.4578125 0.6458333333333334 0.03125 0.0375
0 0.571875 0.17708333333333334 0.040625 0.041666666666666664
0 0.34375 0.15416666666666667 0.037500000000000006 0.058333333333333334
0 0.66328125 0.31979166666666664 0.0203125 0.03125
0 0.49453125000000003 0.4114583333333333 0.0203125 0.03125
