0 0.9031250000000001 0.11875 0.040625 0.041666666666666664
0 0.7898437500000001 0.15208333333333332 0.0328125 0.04583333333333333
0 0.6257812500000001 0.15104166666666666 0.035937500000000004 0.03958333333333333
0 0.7195312500000001 0.140625 0.0328125 0.04791666666666666
0 0.13359375 0.6114583333333333 0.0234375 0.03125
0 0.153125 0.26458333333333334 0.025 0.029166666666666667
0 0.6843750000000001 0.29583333333333334 0.0125 0.05416666666666667
0 0.7718750000000001 0.3229166666666667 0.034375 0.0375
0 0.8250000000000001 0.6729166666666666 0.028125 0.04583333333333333
0 0.16875 0.42083333333333334 0.043750000000000004 0.0625
0 0.290625 0.5416666666666666 0.037500000000000006 0.03333333333333333
