0 0.9031250000000001 0.11875 0.040625 0.041666666666666664
0 0.7898437500000001 0.15208333333333332 0.0328125 0.04583333333333333
0 0.6257812500000001 0.15104166666666666 0.035937500000000004 0.03958333333333333
0 0.7195312500000001 0.140625 0.0328125 0.04791666666666666
0 0.8765625 0.40625 0.040625 0.041666666666666664
0 0.134375 0.23958333333333334 0.037500000000000006 0.05416666666666667
0 0.540625 0.3229166666666667 0.037500000000000006 0.05
0 0.8500000000000001 0.325 0.03125 0.041666666666666664
0 0.325 0.7291666666666666 0.03125 0.04583333333333333
0 0.6546875000000001 0.8541666666666666 0.03125 0.0375
0 0.45546875000000003 0.7010416666666667 0.0234375 0.03125
0 0.46015625000000004 0.8927083333333333 0.0234375 0.027083333333333334
0 0.28828125 0.5385416666666667 0.0203125 0.03125
0 0.15000000000000002 0.6166666666666667 0.046875 0.041666666666666664
