0 0.5886363636363636 0.22857142857142856 0.049999999999999996 0.09999999999999999
0 0.4954545454545454 0.2571428571428571 0.09999999999999999 0.14285714285714285
0 0.15454545454545454 0.19285714285714284 0.10909090909090909 0.15714285714285714
0 0.8045454545454545 0.47857142857142854 0.11818181818181818 0.14285714285714285
0 0.5772727272727273 0.6142857142857142 0.09999999999999999 0.15714285714285714
0 0.5499999999999999 0.8285714285714285 0.08181818181818182 0.11428571428571428
0 0.16818181818181818 0.5142857142857142 0.11818181818181818 0.15714285714285714
0 0.36818181818181817 0.5428571428571428 0.14545454545454545 0.14285714285714285
0 0.6727272727272727 0.25 0.08181818181818182 0.11428571428571428
0 0.7136363636363636 0.7 0.09090909090909091 0.14285714285714285
0 0.14545454545454545 0.6785714285714286 0.08181818181818182 0.15714285714285714
