0 0.5886363636363636 0.22857142857142856 0.049999999999999996 0.09999999999999999
0 0.8522727272727272 0.8607142857142857 0.06818181818181818 0.10714285714285714
0 0.13636363636363635 0.20714285714285713 0.10909090909090909 0.15714285714285714
0 0.5863636363636363 0.8571428571428571 0.08181818181818182 0.15714285714285714
0 0.3045454545454545 0.3857142857142857 0.09999999999999999 0.14285714285714285
0 0.609090909090909 0.5071428571428571 0.11818181818181818 0.14285714285714285
0 0.5 0.6857142857142857 0.08181818181818182 0.14285714285714285
0 0.7772727272727272 0.7214285714285714 0.09090909090909091 0.12857142857142856
0 0.21818181818181817 0.7142857142857143 0.11818181818181818 0.12857142857142856
0 0.7409090909090909 0.2857142857142857 0.07272727272727272 0.11428571428571428
