0 0.63828125 0.14895833333333333 0.035937500000000004 0.052083333333333336
0 0.73203125 0.13854166666666667 0.035937500000000004 0.052083333333333336
0 0.8015625000000001 0.15416666666666667 0.03125 0.041666666666666664
0 0.9164062500000001 0.12395833333333334 0.0421875 0.052083333333333336
0 0.671875 0.48125 0.037500000000000006 0.04583333333333333
0 0.5421875 0.7708333333333334 0.028125 0.04583333333333333
0 0.4421875 0.5395833333333333 0.034375 0.0375
0 0.33437500000000003 0.6604166666666667 0.03125 0.04583333333333333
0 0.6843750000000001 0.7645833333333333 0.025 0.03333333333333333
0 0.55 0.675 0.03125 0.029166666666666667
0 0.24531250000000002 0.375 0.034375 0.041666666666666664
