0 0.63828125 0.14895833333333333 0.035937500000000004 0.052083333333333336
0 0.73203125 0.13854166666666667 0.035937500000000004 0.052083333333333336
0 0.8015625000000001 0.15416666666666667 0.03125 0.041666666666666664
0 0.9164062500000001 0.12395833333333334 0.0421875 0.052083333333333336
0 0.434375 0.44375 0.0125 0.05416666666666667
0 0.7359375 0.7958333333333333 0.034375 0.041666666666666664
0 0.31875000000000003 0.8125 0.034375 0.04583333333333333
0 0.1921875 0.46458333333333335 0.043750000000000004 0.04583333333333333
0 0.8234375 0.6416666666666666 0.03125 0.041666666666666664
0 0.3765625 0.5375 0.025 0.0375
0 0.690625 0.7895833333333333 0.034375 0.041666666666666664
0 0.2171875 0.75625 0.03125 0.041666666666666664
0 0.2828125 0.8041666666666667 0.034375 0.04583333333333333
