0 0.63828125 0.14895833333333333 0.035937500000000004 0.052083333333333336
0 0.73203125 0.13854166666666667 0.035937500000000004 0.052083333333333336
0 0.8015625000000001 0.15416666666666667 0.03125 0.041666666666666664
0 0.9164062500000001 0.12395833333333334 0.0421875 0.052083333333333336
0 0.36562500000000003 0.20208333333333334 0.028125 0.0375
0 0.3359375 0.2625 0.034375 0.05
0 0.40468750000000003 0.1125 0.034375 0.041666666666666664
0 0.5171875 0.54375 0.040625 0.04583333333333333
0 0.55 0.625 0.040625 0.04583333333333333
0 0.4765625 0.3375 0.03125 0.041666666666666664
0 0.253125 0.16041666666666665 0.034375 0.05
0 0.721875 0.7916666666666666 0.03125 0.04583333333333333
0 0.19062500000000002 0.8645833333333334 0.028125 0.0375
0 0.1453125 0.7291666666666666 0.03125 0.0375
