0 0.63828125 0.14895833333333333 0.035937500000000004 0.052083333333333336
0 0.73203125 0.13854166666666667 0.035937500000000004 0.052083333333333336
0 0.8015625000000001 0.15416666666666667 0.03125 0.041666666666666664
0 0.9164062500000001 0.12395833333333334 0.0421875 0.052083333333333336
0 0.35781250000000003 0.3770833333333333 0.043750000000000004 0.05416666666666667
0 0.6937500000000001 0.6020833333333333 0.037500000000000006 0.04583333333333333
0 0.4296875 0.7041666666666666 0.037500000000000006 0.05416666666666667
0 0.828125 0.26458333333333334 0.034375 0.0375
0 0.565625 0.45 0.034375 0.041666666666666664
0 0.7781250000000001 0.39375 0.05 0.041666666666666664
