0 0.63828125 0.14895833333333333 0.035937500000000004 0.052083333333333336
0 0.73203125 0.13854166666666667 0.035937500000000004 0.052083333333333336
0 0.8015625000000001 0.15416666666666667 0.03125 0.041666666666666664
0 0.9164062500000001 0.12395833333333334 0.0421875 0.052083333333333336
0 0.515625 0.36875 0.03125 0.04583333333333333
0 0.1375 0.31875 0.034375 0.0375
0 0.7515625 0.76875 0.025 0.05
0 0.46875 0.32916666666666666 0.03125 0.04583333333333333
0 0.2515625 0.12708333333333333 0.021875000000000002 0.03333333333333333
0 0.40468750000000003 0.32708333333333334 0.028125 0.0375
0 0.7796875000000001 0.6020833333333333 0.034375 0.041666666666666664
0 0.7093750000000001 0.5125 0.03125 0.041666666666666664
