0 0.4734375 0.4387755102040816 0.046875 0.07142857142857142
0 0.1125 0.3469387755102041 0.06875 0.13265306122448978
0 0.509375 0.8265306122448979 0.06875 0.1020408163265306
0 0.421875 0.7244897959183673 0.0625 0.1020408163265306
0 0.721875 0.3877551020408163 0.0625 0.14285714285714285
0 0.6218750000000001 0.5612244897959183 0.0625 0.11224489795918366
0 0.28750000000000003 0.5306122448979591 0.05 0.07142857142857142
0 0.375 0.36224489795918363 0.07500000000000001 0.08163265306122448
0 0.5375 0.17346938775510204 0.05625 0.09183673469387754
0 0.421875 0.1530612244897959 0.08750000000000001 0.09183673469387754
0 0.2 0.2193877551020408 0.05625 0.09183673469387754
