0 0.4734375 0.4387755102040816 0.046875 0.07142857142857142
0 0.465625 0.836734693877551 0.05625 0.09183673469387754
0 0.8031250000000001 0.8571428571428571 0.08750000000000001 0.1530612244897959
0 0.5750000000000001 0.7806122448979591 0.07500000000000001 0.11224489795918366
0 0.3875 0.6989795918367346 0.0625 0.1020408163265306
0 0.828125 0.4846938775510204 0.08750000000000001 0.1020408163265306
0 0.6062500000000001 0.5612244897959183 0.08750000000000001 0.09183673469387754
0 0.17500000000000002 0.673469387755102 0.0625 0.11224489795918366
0 0.296875 0.41326530612244894 0.0625 0.1020408163265306
0 0.434375 0.5663265306122448 0.08750000000000001 0.11224489795918366
