0 0.445 0.5185185185185185 0.030000000000000002 0.046296296296296294
0 0.49333333333333335 0.7175925925925926 0.06666666666666667 0.10185185185185185
0 0.67 0.16203703703703703 0.08 0.10185185185185185
0 0.19 0.5879629629629629 0.07333333333333333 0.08333333333333333
0 0.39 0.5555555555555556 0.07333333333333333 0.07407407407407407
0 0.5366666666666667 0.45370370370370366 0.07333333333333333 0.08333333333333333
0 0.19333333333333336 0.375 0.060000000000000005 0.09259259259259259
0 0.12000000000000001 0.3657407407407407 0.07333333333333333 0.09259259259259259
0 0.16666666666666669 0.2685185185185185 0.060000000000000005 0.08333333333333333
0 0.7100000000000001 0.5787037037037037 0.07333333333333333 0.10185185185185185
