0 0.445 0.5185185185185185 0.030000000000000002 0.046296296296296294
0 0.11 0.24537037037037035 0.07333333333333333 0.09259259259259259
0 0.48333333333333334 0.17592592592592593 0.07333333333333333 0.08333333333333333
0 0.24000000000000002 0.5 0.060000000000000005 0.10185185185185185
0 0.8066666666666668 0.7731481481481481 0.060000000000000005 0.08333333333333333
0 0.33666666666666667 0.787037037037037 0.11333333333333334 0.1111111111111111
0 0.6633333333333333 0.2824074074074074 0.08666666666666667 0.10185185185185185
0 0.76 0.4629629629629629 0.07333333333333333 0.1111111111111111
0 0.38333333333333336 0.6203703703703703 0.06666666666666667 0.09259259259259259
0 0.2366666666666667 0.6481481481481481 0.060000000000000005 0.09259259259259259
0 0.64 0.7916666666666666 0.08 0.1111111111111111
