0 0.3923076923076923 0.39247311827956993 0.05641025641025641 0.06451612903225806
0 0.47692307692307695 0.8548387096774194 0.041025641025641026 0.13978494623655915
0 0.24615384615384617 0.15053763440860216 0.1641025641025641 0.12903225806451613
0 0.7333333333333333 0.2741935483870968 0.14358974358974358 0.13978494623655915
0 0.2 0.40322580645161293 0.12307692307692308 0.12903225806451613
0 0.22564102564102564 0.8548387096774194 0.09230769230769231 0.10752688172043012
0 0.48717948717948717 0.5860215053763441 0.10256410256410256 0.11827956989247312
0 0.7538461538461538 0.8172043010752689 0.10256410256410256 0.11827956989247312
0 0.37948717948717947 0.8494623655913979 0.13333333333333333 0.12903225806451613
0 0.8358974358974359 0.4838709677419355 0.13333333333333333 0.10752688172043012
