0 0.3923076923076923 0.39247311827956993 0.05641025641025641 0.06451612903225806
0 0.5743589743589743 0.40860215053763443 0.13333333333333333 0.10752688172043012
0 0.37948717948717947 0.2795698924731183 0.11282051282051282 0.10752688172043012
0 0.5692307692307692 0.7150537634408602 0.13333333333333333 0.12903225806451613
0 0.10256410256410256 0.8064516129032259 0.08205128205128205 0.07526881720430108
0 0.12307692307692308 0.2741935483870968 0.11282051282051282 0.09677419354838711
0 0.29743589743589743 0.446236559139785 0.10256410256410256 0.12903225806451613
0 0.28717948717948716 0.8548387096774194 0.10256410256410256 0.11827956989247312
0 0.5794871794871795 0.22043010752688175 0.09230769230769231 0.09677419354838711
0 0.6923076923076923 0.5268817204301076 0.11282051282051282 0.10752688172043012
0 0.37435897435897436 0.15053763440860216 0.09230769230769231 0.10752688172043012
