0 0.445 0.5138888888888888 0.03666666666666667 0.05555555555555555
0 0.4166666666666667 0.33796296296296297 0.060000000000000005 0.09259259259259259
0 0.4166666666666667 0.23148148148148145 0.06666666666666667 0.08333333333333333
0 0.7833333333333334 0.4444444444444444 0.06666666666666667 0.09259259259259259
0 0.6000000000000001 0.2638888888888889 0.07333333333333333 0.1111111111111111
0 0.7166666666666667 0.5972222222222222 0.07333333333333333 0.10185185185185185
0 0.30333333333333334 0.6851851851851851 0.07333333333333333 0.10185185185185185
0 0.6166666666666667 0.5 0.08 0.10185185185185185
0 0.22333333333333336 0.5185185185185185 0.06666666666666667 0.10185185185185185
0 0.14833333333333334 0.2986111111111111 0.05 0.06944444444444445
0 0.17 0.7129629629629629 0.060000000000000005 0.09259259259259259
