0 0.445 0.5138888888888888 0.03666666666666667 0.05555555555555555
0 0.76 0.1388888888888889 0.06666666666666667 0.10185185185185185
0 0.89 0.13425925925925924 0.07333333333333333 0.09259259259259259
0 0.21666666666666667 0.21296296296296297 0.07333333333333333 0.09259259259259259
0 0.7233333333333334 0.35185185185185186 0.07333333333333333 0.10185185185185185
0 0.88 0.6481481481481481 0.06666666666666667 0.09259259259259259
0 0.2 0.8842592592592592 0.08 0.12037037037037036
0 0.54 0.8657407407407407 0.06666666666666667 0.10185185185185185
0 0.7266666666666667 0.5787037037037037 0.08 0.1111111111111111
0 0.4566666666666667 0.7962962962962963 0.05333333333333334 0.09259259259259259
