0 0.8484375000000001 0.5666666666666667 0.034375 0.05
0 0.465625 0.60625 0.034375 0.041666666666666664
0 0.309375 0.6166666666666667 0.037500000000000006 0.03333333333333333
0 0.75 0.5583333333333333 0.034375 0.05416666666666667
0 0.6585937500000001 0.5604166666666667 0.0328125 0.041666666666666664
0 0.690625 0.5604166666666667 0.03125 0.058333333333333334
0 0.59140625 0.5916666666666667 0.0171875 0.05
0 0.609375 0.59375 0.021875000000000002 0.058333333333333334
0 0.721875 0.2125 0.025 0.041666666666666664
0 0.55390625 0.6197916666666666 0.0234375 0.027083333333333334
0 0.4140625 0.8895833333333333 0.034375 0.041666666666666664
0 0.2671875 0.5854166666666667 0.03125 0.04583333333333333
0 0.49453125000000003 0.3677083333333333 0.0234375 0.03125
0 0.18281250000000002 0.8395833333333333 0.028125 0.03333333333333333
0 0.7093750000000001 0.6833333333333333 0.028125 0.0375
