0 0.8484375000000001 0.5666666666666667 0.034375 0.05
0 0.465625 0.60625 0.034375 0.041666666666666664
0 0.309375 0.6166666666666667 0.037500000000000006 0.03333333333333333
0 0.75 0.5583333333333333 0.034375 0.05416666666666667
0 0.6585937500000001 0.5604166666666667 0.0328125 0.041666666666666664
0 0.690625 0.5604166666666667 0.03125 0.058333333333333334
0 0.59140625 0.5916666666666667 0.0171875 0.05
0 0.609375 0.59375 0.021875000000000002 0.058333333333333334
0 0.5375 0.15625 0.028125 0.0375
0 0.134375 0.48541666666666666 0.037500000000000006 0.04583333333333333
0 0.7250000000000001 0.44166666666666665 0.034375 0.041666666666666664
