0 0.8484375000000001 0.5666666666666667 0.034375 0.05
0 0.465625 0.60625 0.034375 0.041666666666666664
0 0.309375 0.6166666666666667 0.037500000000000006 0.03333333333333333
0 0.75 0.5583333333333333 0.034375 0.05416666666666667
0 0.6585937500000001 0.5604166666666667 0.0328125 0.041666666666666664
0 0.690625 0.5604166666666667 0.03125 0.058333333333333334
0 0.59140625 0.5916666666666667 0.0171875 0.05
0 0.609375 0.59375 0.021875000000000002 0.058333333333333334
0 0.8539062500000001 0.684375 0.0203125 0.03125
0 0.265625 0.21041666666666667 0.034375 0.0375
0 0.42031250000000003 0.890625 0.040625 0.035416666666666666
0 0.1609375 0.30416666666666664 0.040625 0.041666666666666664
0 0.578125 0.65 0.037500000000000006 0.05416666666666667
0 0.43125 0.21875 0.03125 0.0375
0 0.7421875 0.6145833333333334 0.034375 0.041666666666666664
0 0.35390625000000003 0.7510416666666666 0.0203125 0.03125
0 0.48046875 0.746875 0.0234375 0.03125
0 0.5906250000000001 0.4770833333333333 0.034375 0.041666666666666664
