0 0.8484375000000001 0.5666666666666667 0.034375 0.05
0 0.465625 0.60625 0.034375 0.041666666666666664
0 0.309375 0.6166666666666667 0.037500000000000006 0.03333333333333333
0 0.75 0.5583333333333333 0.034375 0.05416666666666667
0 0.6585937500000001 0.5604166666666667 0.0328125 0.041666666666666664
0 0.690625 0.5604166666666667 0.03125 0.058333333333333334
0 0.59140625 0.5916666666666667 0.0171875 0.05
0 0.609375 0.59375 0.021875000000000002 0.058333333333333334
0 0.6171875 0.28125 0.03125 0.029166666666666667
0 0.44843750000000004 0.18958333333333333 0.037500000000000006 0.05
0 0.78125 0.36041666666666666 0.034375 0.041666666666666664
0 0.403125 0.11458333333333333 0.046875 0.04583333333333333
0 0.2984375 0.10625 0.034375 0.041666666666666664
0 0.7406250000000001 0.23958333333333334 0.028125 0.03333333333333333
0 0.178125 0.6208333333333333 0.034375 0.041666666666666664
0 0.43125 0.7958333333333333 0.034375 0.05
0 0.68125 0.7270833333333333 0.028125 0.0375
