0 0.4765625 0.4464285714285714 0.053125000000000006 0.08673469387755102
0 0.35000000000000003 0.5612244897959183 0.07500000000000001 0.11224489795918366
0 0.7937500000000001 0.34183673469387754 0.05625 0.11224489795918366
0 0.8375 0.7091836734693877 0.0625 0.09183673469387754
0 0.10625000000000001 0.2755102040816326 0.0625 0.09183673469387754
0 0.6468750000000001 0.8775510204081632 0.06875 0.12244897959183673
0 0.6062500000000001 0.21428571428571427 0.05625 0.08163265306122448
0 0.1125 0.1173469387755102 0.08125 0.11224489795918366
0 0.19062500000000002 0.15816326530612243 0.0625 0.09183673469387754
0 0.34218750000000003 0.2423469387755102 0.046875 0.07653061224489795
