0 0.4765625 0.4464285714285714 0.053125000000000006 0.08673469387755102
0 0.5125000000000001 0.846938775510204 0.08125 0.11224489795918366
0 0.5875 0.6989795918367346 0.05625 0.09183673469387754
0 0.3375 0.5459183673469388 0.05625 0.09183673469387754
0 0.259375 0.3826530612244898 0.08750000000000001 0.11224489795918366
0 0.321875 0.7448979591836734 0.05 0.08163265306122448
0 0.16875 0.5918367346938775 0.06875 0.08163265306122448
0 0.38125000000000003 0.846938775510204 0.06875 0.09183673469387754
0 0.6265625 0.8647959183673468 0.046875 0.06632653061224489
0 0.321875 0.1020408163265306 0.0625 0.09183673469387754
0 0.6218750000000001 0.46428571428571425 0.08125 0.1020408163265306
