0 0.47500000000000003 0.44132653061224486 0.05 0.07653061224489795
0 0.7125 0.7959183673469387 0.08125 0.09183673469387754
0 0.39375000000000004 0.3571428571428571 0.06875 0.11224489795918366
0 0.45937500000000003 0.673469387755102 0.0625 0.11224489795918366
0 0.48125 0.21428571428571427 0.05625 0.08163265306122448
0 0.859375 0.673469387755102 0.07500000000000001 0.11224489795918366
0 0.8578125000000001 0.39030612244897955 0.040625 0.07653061224489795
0 0.246875 0.18877551020408162 0.0625 0.09183673469387754
0 0.32343750000000004 0.4107142857142857 0.040625 0.07653061224489795
0 0.6015625 0.5280612244897959 0.046875 0.06632653061224489
0 0.853125 0.4846938775510204 0.05 0.07142857142857142
