0 0.47500000000000003 0.44132653061224486 0.05 0.07653061224489795
0 0.775 0.5051020408163265 0.06875 0.12244897959183673
0 0.65 0.34183673469387754 0.06875 0.13265306122448978
0 0.74375 0.8826530612244897 0.05625 0.09183673469387754
0 0.540625 0.5714285714285714 0.06875 0.11224489795918366
0 0.703125 0.5918367346938775 0.05 0.08163265306122448
0 0.39375000000000004 0.7653061224489796 0.06875 0.09183673469387754
0 0.25 0.8112244897959183 0.05625 0.1020408163265306
0 0.15781250000000002 0.7882653061224489 0.046875 0.07653061224489795
0 0.65625 0.12244897959183673 0.06875 0.09183673469387754
