0 0.445 0.5185185185185185 0.043333333333333335 0.05555555555555555
0 0.14 0.8888888888888888 0.060000000000000005 0.08333333333333333
0 0.645 0.8819444444444444 0.05 0.06944444444444445
0 0.6466666666666667 0.1388888888888889 0.060000000000000005 0.08333333333333333
0 0.8300000000000001 0.40277777777777773 0.05333333333333334 0.09259259259259259
0 0.5 0.7453703703703703 0.09333333333333334 0.09259259259259259
0 0.8733333333333334 0.2685185185185185 0.07333333333333333 0.09259259259259259
0 0.66 0.6296296296296295 0.06666666666666667 0.07407407407407407
0 0.38333333333333336 0.6898148148148148 0.06666666666666667 0.10185185185185185
0 0.32666666666666666 0.5555555555555556 0.05333333333333334 0.1111111111111111
0 0.7016666666666667 0.24305555555555555 0.043333333333333335 0.06944444444444445
