0 0.445 0.5185185185185185 0.043333333333333335 0.05555555555555555
0 0.6133333333333334 0.34259259259259256 0.04666666666666667 0.07407407407407407
0 0.8033333333333333 0.3611111111111111 0.07333333333333333 0.09259259259259259
0 0.17666666666666667 0.7685185185185185 0.06666666666666667 0.12962962962962962
0 0.8166666666666668 0.17129629629629628 0.09333333333333334 0.10185185185185185
0 0.5483333333333333 0.798611111111111 0.05 0.06018518518518518
0 0.18000000000000002 0.5185185185185185 0.06666666666666667 0.08333333333333333
0 0.6333333333333334 0.5092592592592592 0.07333333333333333 0.12037037037037036
0 0.5533333333333333 0.2777777777777778 0.06666666666666667 0.10185185185185185
0 0.26666666666666666 0.7916666666666666 0.060000000000000005 0.07407407407407407
