0 0.20535714285714285 0.5197368421052632 0.05357142857142857 0.05701754385964912
0 0.10714285714285714 0.3684210526315789 0.07142857142857142 0.07017543859649122
0 0.5892857142857143 0.7236842105263157 0.08571428571428572 0.11403508771929824
0 0.8428571428571429 0.6666666666666666 0.05714285714285714 0.06140350877192982
0 0.3142857142857143 0.7456140350877193 0.09999999999999999 0.11403508771929824
0 0.6964285714285714 0.881578947368421 0.09285714285714286 0.11403508771929824
0 0.3214285714285714 0.587719298245614 0.08571428571428572 0.09649122807017543
0 0.22142857142857142 0.43859649122807015 0.07142857142857142 0.09649122807017543
0 0.875 0.8289473684210525 0.09285714285714286 0.12280701754385964
0 0.09999999999999999 0.894736842105263 0.09999999999999999 0.09649122807017543
0 0.8571428571428571 0.48245614035087714 0.06428571428571428 0.09649122807017543
