0 0.20535714285714285 0.5197368421052632 0.05357142857142857 0.05701754385964912
0 0.7607142857142857 0.2324561403508772 0.06428571428571428 0.09649122807017543
0 0.7660714285714285 0.6644736842105263 0.05357142857142857 0.06578947368421052
0 0.30892857142857144 0.4714912280701754 0.04642857142857143 0.06578947368421052
0 0.7571428571428571 0.8596491228070176 0.06428571428571428 0.07017543859649122
0 0.3964285714285714 0.7105263157894737 0.07857142857142857 0.08771929824561403
0 0.1357142857142857 0.22807017543859648 0.06428571428571428 0.09649122807017543
0 0.8928571428571428 0.5307017543859649 0.09285714285714286 0.09649122807017543
0 0.15 0.6666666666666666 0.07857142857142857 0.08771929824561403
0 0.7035714285714285 0.7368421052631579 0.06428571428571428 0.07017543859649122
