0 0.2015625 0.6114583333333333 0.040625 0.04791666666666666
0 0.36171875000000003 0.60625 0.035937500000000004 0.05
0 0.47734375 0.5833333333333334 0.0234375 0.041666666666666664
0 0.50703125 0.5822916666666667 0.035937500000000004 0.052083333333333336
0 0.63984375 0.553125 0.029687500000000002 0.03125
0 0.946875 0.5375 0.03125 0.05
0 0.46406250000000004 0.125 0.028125 0.041666666666666664
0 0.8296875 0.225 0.03125 0.0375
0 0.37031250000000004 0.14375 0.028125 0.0375
0 0.5578125 0.175 0.034375 0.0375
0 0.59609375 0.396875 0.0234375 0.03125
0 0.14375000000000002 0.8145833333333333 0.028125 0.04583333333333333
0 0.70625 0.5666666666666667 0.034375 0.041666666666666664
0 0.3765625 0.28125 0.03125 0.03333333333333333
