0 0.2015625 0.6114583333333333 0.040625 0.04791666666666666
0 0.36171875000000003 0.60625 0.035937500000000004 0.05
0 0.47734375 0.5833333333333334 0.0234375 0.041666666666666664
0 0.50703125 0.5822916666666667 0.035937500000000004 0.052083333333333336
0 0.63984375 0.553125 0.029687500000000002 0.03125
0 0.946875 0.5375 0.03125 0.05
0 0.51484375 0.490625 0.0234375 0.03125
0 0.2734375 0.5916666666666667 0.03125 0.04583333333333333
0 0.7312500000000001 0.8604166666666666 0.05 0.041666666666666664
0 0.47265625 0.134375 0.0203125 0.03125
0 0.4890625 0.7145833333333333 0.034375 0.04583333333333333
0 0.3921875 0.13958333333333334 0.028125 0.04583333333333333
0 0.11093750000000001 0.88125 0.028125 0.0375
0 0.4921875 0.21041666666666667 0.028125 0.04583333333333333
0 0.1484375 0.1 0.037500000000000006 0.041666666666666664
