0 0.2015625 0.6114583333333333 0.040625 0.04791666666666666
0 0.36171875000000003 0.60625 0.035937500000000004 0.05
0 0.47734375 0.5833333333333334 0.0234375 0.041666666666666664
0 0.50703125 0.5822916666666667 0.035937500000000004 0.052083333333333336
0 0.63984375 0.553125 0.029687500000000002 0.03125
0 0.946875 0.5375 0.03125 0.05
0 0.33437500000000003 0.3145833333333333 0.03125 0.04583333333333333
0 0.2765625 0.5520833333333334 0.03125 0.04583333333333333
0 0.134375 0.7416666666666667 0.034375 0.04583333333333333
0 0.2765625 0.17916666666666667 0.028125 0.03333333333333333
0 0.7562500000000001 0.7416666666666667 0.03125 0.0375
0 0.6062500000000001 0.6604166666666667 0.034375 0.05
0 0.8296875 0.8458333333333333 0.043750000000000004 0.05416666666666667
0 0.19687500000000002 0.875 0.040625 0.04583333333333333
0 0.45 0.6958333333333333 0.034375 0.041666666666666664
0 0.4921875 0.35833333333333334 0.025 0.029166666666666667
