0 0.2015625 0.6114583333333333 0.040625 0.04791666666666666
0 0.36171875000000003 0.60625 0.035937500000000004 0.05
0 0.47734375 0.5833333333333334 0.0234375 0.041666666666666664
0 0.50703125 0.5822916666666667 0.035937500000000004 0.052083333333333336
0 0.63984375 0.553125 0.029687500000000002 0.03125
0 0.946875 0.5375 0.03125 0.05
0 0.8812500000000001 0.6354166666666666 0.037500000000000006 0.04583333333333333
0 0.32890625 0.140625 0.0234375 0.03125
0 0.27578125000000003 0.4510416666666667 0.0234375 0.03125
0 0.47187500000000004 0.78125 0.034375 0.041666666666666664
0 0.309375 0.8520833333333333 0.037500000000000006 0.041666666666666664
0 0.4 0.39375 0.028125 0.03333333333333333
0 0.6062500000000001 0.3229166666666667 0.03125 0.041666666666666664
