0 0.2015625 0.6114583333333333 0.040625 0.04791666666666666
0 0.36171875000000003 0.60625 0.035937500000000004 0.05
0 0.47734375 0.5833333333333334 0.0234375 0.041666666666666664
0 0.50703125 0.5822916666666667 0.035937500000000004 0.052083333333333336
0 0.63984375 0.553125 0.029687500000000002 0.03125
0 0.946875 0.5375 0.03125 0.05
0 0.6546875000000001 0.39791666666666664 0.043750000000000004 0.05416666666666667
0 0.7312500000000001 0.7708333333333334 0.034375 0.041666666666666664
0 0.8515625 0.11875 0.034375 0.041666666666666664
0 0.3359375 0.26666666666666666 0.028125 0.041666666666666664
0 0.28750000000000003 0.6125 0.03125 0.041666666666666664
