0 0.445 0.5185185185185185 0.03666666666666667 0.05555555555555555
0 0.6966666666666667 0.7222222222222222 0.1 0.09259259259259259
0 0.47000000000000003 0.8888888888888888 0.09333333333333334 0.12037037037037036
0 0.34 0.6296296296296295 0.060000000000000005 0.10185185185185185
0 0.21666666666666667 0.15740740740740738 0.06666666666666667 0.10185185185185185
0 0.5466666666666667 0.40277777777777773 0.08 0.10185185185185185
0 0.8033333333333333 0.5231481481481481 0.07333333333333333 0.09259259259259259
0 0.23 0.3333333333333333 0.07333333333333333 0.09259259259259259
0 0.33666666666666667 0.18518518518518517 0.08 0.12962962962962962
0 0.7066666666666667 0.38888888888888884 0.08 0.09259259259259259
