0 0.445 0.5185185185185185 0.03666666666666667 0.05555555555555555
0 0.8866666666666667 0.8796296296296295 0.05333333333333334 0.07407407407407407
0 0.8 0.861111111111111 0.06666666666666667 0.10185185185185185
0 0.5733333333333334 0.611111111111111 0.08666666666666667 0.12037037037037036
0 0.76 0.1898148148148148 0.060000000000000005 0.07407407407407407
0 0.24666666666666667 0.38888888888888884 0.060000000000000005 0.07407407407407407
0 0.5033333333333334 0.7824074074074073 0.060000000000000005 0.10185185185185185
0 0.55 0.44907407407407407 0.07333333333333333 0.08333333333333333
0 0.7366666666666667 0.4351851851851852 0.08666666666666667 0.10185185185185185
0 0.29000000000000004 0.1388888888888889 0.06666666666666667 0.10185185185185185
0 0.23 0.2546296296296296 0.07333333333333333 0.10185185185185185
