0 0.20892857142857144 0.5197368421052632 0.05357142857142857 0.05701754385964912
0 0.35 0.14473684210526316 0.06428571428571428 0.07894736842105263
0 0.5875 0.28289473684210525 0.04642857142857143 0.06578947368421052
0 0.8928571428571428 0.8421052631578947 0.06428571428571428 0.07017543859649122
0 0.8767857142857143 0.6293859649122807 0.05357142857142857 0.06578947368421052
0 0.5928571428571429 0.75 0.06428571428571428 0.07894736842105263
0 0.45714285714285713 0.14473684210526316 0.07857142857142857 0.09649122807017543
0 0.775 0.4122807017543859 0.05714285714285714 0.08771929824561403
0 0.8464285714285714 0.293859649122807 0.08571428571428572 0.08771929824561403
0 0.2714285714285714 0.10087719298245613 0.049999999999999996 0.07017543859649122
0 0.5607142857142857 0.11842105263157894 0.07142857142857142 0.09649122807017543
