0 0.20892857142857144 0.5197368421052632 0.05357142857142857 0.05701754385964912
0 0.17678571428571427 0.881578947368421 0.10357142857142856 0.09649122807017543
0 0.7714285714285714 0.18859649122807015 0.05714285714285714 0.06140350877192982
0 0.8785714285714286 0.18859649122807015 0.05714285714285714 0.06140350877192982
0 0.22142857142857142 0.381578947368421 0.049999999999999996 0.07017543859649122
0 0.3607142857142857 0.6403508771929824 0.06428571428571428 0.08771929824561403
0 0.23928571428571427 0.11842105263157894 0.05714285714285714 0.06140350877192982
0 0.5035714285714286 0.8421052631578947 0.07857142857142857 0.10526315789473684
0 0.29107142857142854 0.19517543859649122 0.04642857142857143 0.06578947368421052
0 0.11428571428571428 0.7105263157894737 0.06428571428571428 0.09649122807017543
