0 0.38974358974358975 0.39247311827956993 0.05128205128205128 0.05376344086021506
0 0.7948717948717948 0.5215053763440861 0.15384615384615385 0.10752688172043012
0 0.8358974358974359 0.7903225806451614 0.10256410256410256 0.10752688172043012
0 0.48717948717948717 0.435483870967742 0.11282051282051282 0.10752688172043012
0 0.4153846153846154 0.6129032258064516 0.11282051282051282 0.10752688172043012
0 0.2358974358974359 0.5698924731182796 0.09230769230769231 0.08602150537634409
0 0.676923076923077 0.6989247311827957 0.09230769230769231 0.11827956989247312
0 0.20512820512820512 0.3010752688172043 0.13333333333333333 0.10752688172043012
0 0.8717948717948718 0.19892473118279572 0.11282051282051282 0.08602150537634409
0 0.18717948717948718 0.16397849462365593 0.07692307692307693 0.06989247311827958
0 0.6461538461538462 0.8763440860215055 0.11282051282051282 0.12903225806451613
