0 0.38974358974358975 0.39247311827956993 0.05128205128205128 0.05376344086021506
0 0.5897435897435898 0.7634408602150539 0.11282051282051282 0.10752688172043012
0 0.48205128205128206 0.7096774193548387 0.08205128205128205 0.10752688172043012
0 0.3282051282051282 0.7419354838709677 0.11282051282051282 0.10752688172043012
0 0.27692307692307694 0.5161290322580645 0.11282051282051282 0.10752688172043012
0 0.5948717948717949 0.25268817204301075 0.10256410256410256 0.08602150537634409
0 0.8 0.860215053763441 0.08205128205128205 0.08602150537634409
0 0.8102564102564103 0.5913978494623656 0.14358974358974358 0.13978494623655915
0 0.1794871794871795 0.41397849462365593 0.10256410256410256 0.07526881720430108
0 0.12307692307692308 0.6666666666666667 0.11282051282051282 0.11827956989247312
