0 0.44333333333333336 0.5138888888888888 0.04 0.046296296296296294
0 0.7466666666666667 0.7129629629629629 0.06666666666666667 0.09259259259259259
0 0.33666666666666667 0.2638888888888889 0.06666666666666667 0.09259259259259259
0 0.3016666666666667 0.599537037037037 0.05 0.06944444444444445
0 0.7433333333333334 0.8333333333333333 0.07333333333333333 0.09259259259259259
0 0.6533333333333333 0.3935185185185185 0.060000000000000005 0.09259259259259259
0 0.7466666666666667 0.4629629629629629 0.06666666666666667 0.10185185185185185
0 0.2733333333333334 0.8009259259259259 0.07333333333333333 0.09259259259259259
0 0.13 0.2546296296296296 0.06666666666666667 0.10185185185185185
0 0.41000000000000003 0.39814814814814814 0.08 0.10185185185185185
