0 0.44333333333333336 0.5138888888888888 0.04 0.046296296296296294
0 0.6233333333333334 0.6157407407407407 0.07333333333333333 0.09259259259259259
0 0.5333333333333333 0.3055555555555555 0.07333333333333333 0.10185185185185185
0 0.36000000000000004 0.4861111111111111 0.04666666666666667 0.12962962962962962
0 0.44 0.27314814814814814 0.10666666666666667 0.09259259259259259
0 0.25 0.7083333333333333 0.060000000000000005 0.09259259259259259
0 0.4766666666666667 0.4212962962962963 0.06666666666666667 0.09259259259259259
0 0.6933333333333334 0.7268518518518519 0.06666666666666667 0.09259259259259259
0 0.22333333333333336 0.45138888888888884 0.1 0.14351851851851852
0 0.7766666666666667 0.8842592592592592 0.06666666666666667 0.10185185185185185
0 0.8366666666666667 0.2037037037037037 0.08 0.10185185185185185
