0 0.8460937500000001 0.5677083333333334 0.0390625 0.04791666666666666
0 0.31171875000000004 0.615625 0.0421875 0.03958333333333333
0 0.465625 0.60625 0.03125 0.0375
0 0.58984375 0.590625 0.0203125 0.052083333333333336
0 0.6117187500000001 0.5916666666666667 0.026562500000000003 0.0625
0 0.6609375000000001 0.5572916666666666 0.025 0.04375
0 0.6898437500000001 0.5583333333333333 0.029687500000000002 0.05416666666666667
0 0.75 0.5583333333333333 0.03125 0.0375
0 0.7468750000000001 0.74375 0.03125 0.04583333333333333
0 0.1390625 0.75625 0.034375 0.04583333333333333
0 0.6453125000000001 0.6166666666666667 0.028125 0.0375
0 0.55 0.6145833333333334 0.028125 0.04583333333333333
0 0.546875 0.8208333333333333 0.040625 0.05416666666666667
0 0.7562500000000001 0.1 0.025 0.03333333333333333
0 0.42109375000000004 0.2552083333333333 0.0203125 0.03125
