0 0.8460937500000001 0.5677083333333334 0.0390625 0.04791666666666666
0 0.31171875000000004 0.615625 0.0421875 0.03958333333333333
0 0.465625 0.60625 0.03125 0.0375
0 0.58984375 0.590625 0.0203125 0.052083333333333336
0 0.6117187500000001 0.5916666666666667 0.026562500000000003 0.0625
0 0.6609375000000001 0.5572916666666666 0.025 0.04375
0 0.6898437500000001 0.5583333333333333 0.029687500000000002 0.05416666666666667
0 0.75 0.5583333333333333 0.03125 0.0375
0 0.5421875 0.39166666666666666 0.034375 0.05416666666666667
0 0.8015625000000001 0.8958333333333334 0.040625 0.058333333333333334
0 0.1859375 0.709375 0.046875 0.06458333333333333
0 0.22265625 0.4322916666666667 0.0234375 0.027083333333333334
0 0.1171875 0.21458333333333332 0.037500000000000006 0.04583333333333333
0 0.8625 0.12916666666666665 0.03125 0.0375
0 0.79296875 0.7614583333333333 0.0203125 0.03125
0 0.3984375 0.24166666666666667 0.028125 0.0375
0 0.28750000000000003 0.7791666666666667 0.025 0.041666666666666664
