0 0.8460937500000001 0.5677083333333334 0.0390625 0.04791666666666666
0 0.31171875000000004 0.615625 0.0421875 0.03958333333333333
0 0.465625 0.60625 0.03125 0.0375
0 0.58984375 0.590625 0.0203125 0.052083333333333336
0 0.6117187500000001 0.5916666666666667 0.026562500000000003 0.0625
0 0.6609375000000001 0.5572916666666666 0.025 0.04375
0 0.6898437500000001 0.5583333333333333 0.029687500000000002 0.05416666666666667
0 0.75 0.5583333333333333 0.03125 0.0375
0 0.509375 0.1125 0.043750000000000004 0.04583333333333333
0 0.35000000000000003 0.4479166666666667 0.037500000000000006 0.058333333333333334
0 0.421875 0.8937499999999999 0.03125 0.04583333333333333
0 0.796875 0.15833333333333333 0.015625 0.05
0 0.7328125000000001 0.7041666666666666 0.03125 0.04583333333333333
0 0.515625 0.7229166666666667 0.034375 0.0375
0 0.45625000000000004 0.28541666666666665 0.037500000000000006 0.04583333333333333
0 0.875 0.42916666666666664 0.028125 0.041666666666666664
0 0.80625 0.7479166666666667 0.028125 0.04583333333333333
0 0.11406250000000001 0.3645833333333333 0.03125 0.041666666666666664
