0 0.445 0.5162037037037037 0.05 0.06018518518518518
0 0.24333333333333335 0.7268518518518519 0.08 0.1111111111111111
0 0.24000000000000002 0.09722222222222221 0.07333333333333333 0.09259259259259259
0 0.8416666666666667 0.3032407407407407 0.05 0.06944444444444445
0 0.35000000000000003 0.32407407407407407 0.08666666666666667 0.09259259259259259
0 0.62 0.4583333333333333 0.060000000000000005 0.10185185185185185
0 0.6666666666666667 0.17129629629629628 0.060000000000000005 0.07407407407407407
0 0.7233333333333334 0.35185185185185186 0.05333333333333334 0.07407407407407407
0 0.5233333333333333 0.3611111111111111 0.06666666666666667 0.09259259259259259
0 0.8300000000000001 0.5694444444444444 0.05333333333333334 0.07407407407407407
0 0.2 0.5509259259259259 0.060000000000000005 0.07407407407407407
