0 0.445 0.5162037037037037 0.05 0.06018518518518518
0 0.10666666666666667 0.8240740740740741 0.060000000000000005 0.08333333333333333
0 0.33 0.6712962962962963 0.08666666666666667 0.09259259259259259
0 0.31333333333333335 0.37037037037037035 0.05333333333333334 0.07407407407407407
0 0.48000000000000004 0.6157407407407407 0.05333333333333334 0.07407407407407407
0 0.2066666666666667 0.4861111111111111 0.07333333333333333 0.09259259259259259
0 0.665 0.19675925925925924 0.043333333333333335 0.06944444444444445
0 0.76 0.2175925925925926 0.06666666666666667 0.10185185185185185
0 0.19833333333333333 0.7337962962962963 0.05 0.06944444444444445
0 0.45333333333333337 0.7592592592592592 0.04666666666666667 0.12962962962962962
