0 0.445 0.5254629629629629 0.06333333333333334 0.07870370370370369
0 0.8066666666666668 0.8379629629629629 0.09333333333333334 0.12037037037037036
0 0.52 0.7222222222222222 0.08 0.09259259259259259
0 0.25 0.625 0.07333333333333333 0.09259259259259259
0 0.23 0.15277777777777776 0.05333333333333334 0.08333333333333333
0 0.29333333333333333 0.5231481481481481 0.05333333333333334 0.09259259259259259
0 0.7100000000000001 0.27314814814814814 0.07333333333333333 0.12037037037037036
0 0.13 0.6481481481481481 0.060000000000000005 0.10185185185185185
0 0.8583333333333334 0.7291666666666666 0.05 0.06944444444444445
0 0.09833333333333334 0.32175925925925924 0.05 0.06018518518518518
0 0.7766666666666667 0.10185185185185185 0.05333333333333334 0.08333333333333333
