0 0.445 0.5254629629629629 0.06333333333333334 0.07870370370370369
0 0.21666666666666667 0.736111111111111 0.07333333333333333 0.09259259259259259
0 0.77 0.5092592592592592 0.07333333333333333 0.10185185185185185
0 0.10666666666666667 0.7592592592592592 0.08 0.12037037037037036
0 0.41500000000000004 0.6875 0.05 0.06018518518518518
0 0.5800000000000001 0.15277777777777776 0.060000000000000005 0.08333333333333333
0 0.5900000000000001 0.2546296296296296 0.08666666666666667 0.09259259259259259
0 0.5433333333333333 0.4861111111111111 0.08666666666666667 0.08333333333333333
0 0.10666666666666667 0.5138888888888888 0.08666666666666667 0.09259259259259259
0 0.8300000000000001 0.6574074074074073 0.08666666666666667 0.10185185185185185
