0 0.4466666666666667 0.5185185185185185 0.05333333333333334 0.06481481481481481
0 0.4216666666666667 0.21064814814814814 0.05 0.06944444444444445
0 0.535 0.46527777777777773 0.05 0.06018518518518518
0 0.22333333333333336 0.4629629629629629 0.1 0.10185185185185185
0 0.11666666666666667 0.7546296296296295 0.07333333333333333 0.10185185185185185
0 0.10333333333333335 0.5092592592592592 0.07333333333333333 0.1111111111111111
0 0.8433333333333334 0.4351851851851852 0.06666666666666667 0.09259259259259259
0 0.33666666666666667 0.7268518518518519 0.06666666666666667 0.09259259259259259
0 0.8933333333333334 0.8287037037037036 0.08666666666666667 0.12962962962962962
0 0.7983333333333333 0.5949074074074073 0.05 0.06018518518518518
0 0.4466666666666667 0.8333333333333333 0.08 0.07407407407407407
