0 0.4466666666666667 0.5185185185185185 0.05333333333333334 0.06481481481481481
0 0.36000000000000004 0.7175925925925926 0.060000000000000005 0.07407407407407407
0 0.8600000000000001 0.5648148148148148 0.05333333333333334 0.1111111111111111
0 0.27666666666666667 0.2175925925925926 0.060000000000000005 0.08333333333333333
0 0.5033333333333334 0.7175925925925926 0.06666666666666667 0.07407407407407407
0 0.78 0.7592592592592592 0.07333333333333333 0.09259259259259259
0 0.17 0.6666666666666666 0.05333333333333334 0.08333333333333333
0 0.4633333333333334 0.17592592592592593 0.04666666666666667 0.07407407407407407
0 0.5666666666666667 0.8379629629629629 0.06666666666666667 0.09259259259259259
0 0.28 0.875 0.08666666666666667 0.12962962962962962
