0 0.478125 0.44132653061224486 0.0625 0.07653061224489795
0 0.3875 0.24489795918367346 0.05 0.1020408163265306
0 0.11875000000000001 0.8061224489795917 0.07500000000000001 0.11224489795918366
0 0.4078125 0.8137755102040816 0.046875 0.07653061224489795
0 0.34687500000000004 0.47959183673469385 0.06875 0.11224489795918366
0 0.5671875000000001 0.3086734693877551 0.040625 0.07653061224489795
0 0.7125 0.2857142857142857 0.05625 0.09183673469387754
0 0.2625 0.7244897959183673 0.06875 0.11224489795918366
0 0.8031250000000001 0.7193877551020408 0.07500000000000001 0.1020408163265306
0 0.6312500000000001 0.760204081632653 0.0625 0.12244897959183673
