0 0.478125 0.44132653061224486 0.0625 0.07653061224489795
0 0.49375 0.18367346938775508 0.05625 0.09183673469387754
0 0.19687500000000002 0.6377551020408163 0.1 0.12244897959183673
0 0.6312500000000001 0.8010204081632653 0.05 0.08163265306122448
0 0.16562500000000002 0.13265306122448978 0.05625 0.11224489795918366
0 0.30312500000000003 0.35204081632653056 0.0625 0.09183673469387754
0 0.6484375 0.298469387755102 0.046875 0.07653061224489795
0 0.5484375 0.6198979591836734 0.046875 0.07653061224489795
0 0.546875 0.7499999999999999 0.06875 0.11224489795918366
0 0.4 0.6173469387755102 0.08750000000000001 0.1530612244897959
0 0.7937500000000001 0.7040816326530611 0.0625 0.11224489795918366
