0 0.4416666666666667 0.5162037037037037 0.043333333333333335 0.06018518518518518
0 0.2733333333333334 0.17592592592592593 0.06666666666666667 0.08333333333333333
0 0.6866666666666668 0.19444444444444442 0.04666666666666667 0.07407407407407407
0 0.6933333333333334 0.44907407407407407 0.07333333333333333 0.10185185185185185
0 0.6733333333333333 0.2962962962962963 0.07333333333333333 0.09259259259259259
0 0.56 0.6759259259259259 0.07333333333333333 0.09259259259259259
0 0.8733333333333334 0.5462962962962963 0.06666666666666667 0.06481481481481481
0 0.8466666666666667 0.3333333333333333 0.06666666666666667 0.1111111111111111
0 0.4766666666666667 0.3935185185185185 0.02666666666666667 0.12037037037037036
0 0.21666666666666667 0.28703703703703703 0.060000000000000005 0.09259259259259259
0 0.51 0.7824074074074073 0.07333333333333333 0.09259259259259259
