0 0.4416666666666667 0.5162037037037037 0.043333333333333335 0.06018518518518518
0 0.5900000000000001 0.7175925925925926 0.07333333333333333 0.09259259259259259
0 0.8166666666666668 0.7037037037037037 0.060000000000000005 0.08333333333333333
0 0.5366666666666667 0.8564814814814814 0.060000000000000005 0.09259259259259259
0 0.12000000000000001 0.09722222222222221 0.05333333333333334 0.08333333333333333
0 0.18333333333333335 0.10648148148148148 0.06666666666666667 0.09259259259259259
0 0.3016666666666667 0.6319444444444444 0.05 0.06944444444444445
0 0.8 0.1898148148148148 0.07333333333333333 0.10185185185185185
0 0.28 0.37037037037037035 0.08 0.12037037037037036
0 0.8966666666666667 0.7037037037037037 0.06666666666666667 0.09259259259259259
