0 0.4765625 0.4464285714285714 0.053125000000000006 0.07653061224489795
0 0.8500000000000001 0.24999999999999997 0.05 0.07142857142857142
0 0.6781250000000001 0.40306122448979587 0.05625 0.08163265306122448
0 0.33125000000000004 0.8214285714285714 0.0625 0.1020408163265306
0 0.2 0.5663265306122448 0.06875 0.11224489795918366
0 0.10625000000000001 0.8571428571428571 0.08125 0.1020408163265306
0 0.8 0.37755102040816324 0.0625 0.1020408163265306
0 0.184375 0.41326530612244894 0.08750000000000001 0.12244897959183673
0 0.4859375 0.15561224489795916 0.046875 0.06632653061224489
0 0.41250000000000003 0.25510204081632654 0.08125 0.11224489795918366
