0 0.4765625 0.4464285714285714 0.053125000000000006 0.07653061224489795
0 0.7046875 0.6913265306122448 0.046875 0.06632653061224489
0 0.15937500000000002 0.336734693877551 0.07500000000000001 0.1020408163265306
0 0.33125000000000004 0.4693877551020408 0.08750000000000001 0.11224489795918366
0 0.20625000000000002 0.2193877551020408 0.05625 0.1020408163265306
0 0.421875 0.3010204081632653 0.08750000000000001 0.12244897959183673
0 0.5125000000000001 0.770408163265306 0.0625 0.11224489795918366
0 0.5906250000000001 0.6632653061224489 0.05 0.1020408163265306
0 0.5734375 0.3647959183673469 0.040625 0.07653061224489795
0 0.8812500000000001 0.5102040816326531 0.0625 0.1020408163265306
0 0.846875 0.6938775510204082 0.07500000000000001 0.11224489795918366
