0 0.4466666666666667 0.5185185185185185 0.04666666666666667 0.07407407407407407
0 0.2833333333333333 0.5879629629629629 0.08666666666666667 0.12037037037037036
0 0.6966666666666667 0.6990740740740741 0.060000000000000005 0.09259259259259259
0 0.2966666666666667 0.14814814814814814 0.06666666666666667 0.08333333333333333
0 0.8666666666666667 0.2175925925925926 0.06666666666666667 0.10185185185185185
0 0.3433333333333334 0.875 0.06666666666666667 0.08333333333333333
0 0.7016666666666667 0.8634259259259259 0.043333333333333335 0.06944444444444445
0 0.16333333333333333 0.7962962962962963 0.07333333333333333 0.08333333333333333
0 0.8066666666666668 0.6481481481481481 0.06666666666666667 0.09259259259259259
0 0.4166666666666667 0.2546296296296296 0.09333333333333334 0.10185185185185185
