0 0.4466666666666667 0.5185185185185185 0.04666666666666667 0.07407407407407407
0 0.4266666666666667 0.6666666666666666 0.04666666666666667 0.07407407407407407
0 0.8833333333333334 0.21296296296296297 0.09333333333333334 0.12037037037037036
0 0.30333333333333334 0.5185185185185185 0.060000000000000005 0.07407407407407407
0 0.15333333333333335 0.6203703703703703 0.06666666666666667 0.08333333333333333
0 0.10666666666666667 0.18518518518518517 0.06666666666666667 0.10185185185185185
0 0.88 0.736111111111111 0.060000000000000005 0.10185185185185185
0 0.66 0.5694444444444444 0.060000000000000005 0.08333333333333333
0 0.4566666666666667 0.12962962962962962 0.07333333333333333 0.09259259259259259
0 0.43333333333333335 0.7592592592592592 0.08 0.10185185185185185
0 0.18833333333333335 0.8217592592592592 0.043333333333333335 0.06944444444444445
