0 0.4734375 0.4336734693877551 0.046875 0.07142857142857142
0 0.40937500000000004 0.6428571428571428 0.05625 0.09183673469387754
0 0.253125 0.5663265306122448 0.0625 0.12244897959183673
0 0.225 0.3571428571428571 0.06875 0.12244897959183673
0 0.759375 0.23979591836734693 0.06875 0.11224489795918366
0 0.47500000000000003 0.13265306122448978 0.06875 0.12244897959183673
0 0.2484375 0.7423469387755102 0.046875 0.07653061224489795
0 0.790625 0.7193877551020408 0.06875 0.1020408163265306
0 0.7765625 0.5382653061224489 0.046875 0.07653061224489795
0 0.16875 0.5408163265306122 0.06875 0.1020408163265306
