0 0.4734375 0.4336734693877551 0.046875 0.07142857142857142
0 0.8718750000000001 0.1173469387755102 0.05625 0.09183673469387754
0 0.171875 0.5765306122448979 0.0625 0.11224489795918366
0 0.28125 0.5918367346938775 0.06875 0.12244897959183673
0 0.403125 0.6173469387755102 0.07500000000000001 0.13265306122448978
0 0.8625 0.5816326530612245 0.0625 0.09183673469387754
0 0.61875 0.28061224489795916 0.06875 0.1020408163265306
0 0.309375 0.8418367346938774 0.06875 0.13265306122448978
0 0.625 0.6275510204081632 0.06875 0.1020408163265306
0 0.521875 0.12244897959183673 0.0625 0.07142857142857142
0 0.15000000000000002 0.21428571428571427 0.06875 0.1020408163265306
