0 0.47500000000000003 0.4387755102040816 0.0625 0.08163265306122448
0 0.203125 0.09948979591836733 0.08125 0.08673469387755102
0 0.78125 0.7857142857142857 0.03125 0.12244897959183673
0 0.74375 0.17346938775510204 0.06875 0.1020408163265306
0 0.215625 0.7755102040816326 0.05625 0.09183673469387754
0 0.4375 0.2755102040816326 0.07500000000000001 0.08163265306122448
0 0.30781250000000004 0.8392857142857142 0.040625 0.07653061224489795
0 0.2890625 0.2831632653061224 0.046875 0.06632653061224489
0 0.140625 0.2040816326530612 0.05625 0.11224489795918366
0 0.675 0.4540816326530612 0.05 0.08163265306122448
