0 0.47500000000000003 0.4387755102040816 0.0625 0.08163265306122448
0 0.2078125 0.3494897959183673 0.046875 0.07653061224489795
0 0.721875 0.520408163265306 0.05625 0.09183673469387754
0 0.328125 0.4591836734693877 0.06875 0.1020408163265306
0 0.6578125 0.8163265306122448 0.09062500000000001 0.11224489795918366
0 0.16562500000000002 0.15816326530612243 0.06875 0.1020408163265306
0 0.275 0.3214285714285714 0.0625 0.1020408163265306
0 0.7234375000000001 0.4311224489795918 0.040625 0.07653061224489795
0 0.384375 0.2857142857142857 0.05 0.08163265306122448
0 0.109375 0.770408163265306 0.05625 0.11224489795918366
0 0.8015625000000001 0.1301020408163265 0.040625 0.07653061224489795
