0 0.20535714285714285 0.5197368421052632 0.04642857142857143 0.05701754385964912
0 0.7892857142857143 0.33771929824561403 0.06428571428571428 0.09649122807017543
0 0.7964285714285714 0.8333333333333333 0.06428571428571428 0.07894736842105263
0 0.6892857142857143 0.25 0.12142857142857143 0.10526315789473684
0 0.3892857142857143 0.5043859649122807 0.07142857142857142 0.09649122807017543
0 0.2785714285714286 0.2982456140350877 0.05714285714285714 0.07017543859649122
0 0.8285714285714285 0.5833333333333333 0.06428571428571428 0.07017543859649122
0 0.35535714285714287 0.29166666666666663 0.05357142857142857 0.05701754385964912
0 0.5892857142857143 0.7807017543859649 0.07142857142857142 0.09649122807017543
0 0.7267857142857143 0.6337719298245613 0.04642857142857143 0.06578947368421052
