0 0.20535714285714285 0.5197368421052632 0.04642857142857143 0.05701754385964912
0 0.8089285714285714 0.19517543859649122 0.05357142857142857 0.06578947368421052
0 0.5803571428571428 0.23903508771929824 0.05357142857142857 0.06578947368421052
0 0.13214285714285715 0.8552631578947368 0.07857142857142857 0.09649122807017543
0 0.39285714285714285 0.10526315789473684 0.07857142857142857 0.08771929824561403
0 0.6928571428571428 0.6973684210526315 0.08571428571428572 0.10526315789473684
0 0.2714285714285714 0.6535087719298245 0.07142857142857142 0.09649122807017543
0 0.6071428571428571 0.09649122807017543 0.07857142857142857 0.08771929824561403
0 0.8571428571428571 0.3070175438596491 0.07857142857142857 0.08771929824561403
0 0.5678571428571428 0.6754385964912281 0.06428571428571428 0.07017543859649122
0 0.1357142857142857 0.5921052631578947 0.08571428571428572 0.11403508771929824
