0 0.445 0.5185185185185185 0.043333333333333335 0.06481481481481481
0 0.29833333333333334 0.6689814814814814 0.05 0.06944444444444445
0 0.10666666666666667 0.787037037037037 0.060000000000000005 0.10185185185185185
0 0.7833333333333334 0.375 0.06666666666666667 0.09259259259259259
0 0.23333333333333334 0.5833333333333333 0.07333333333333333 0.09259259259259259
0 0.8600000000000001 0.15277777777777776 0.07333333333333333 0.10185185185185185
0 0.37000000000000005 0.7546296296296295 0.06666666666666667 0.1111111111111111
0 0.4466666666666667 0.39814814814814814 0.07333333333333333 0.09259259259259259
0 0.38333333333333336 0.16203703703703703 0.07333333333333333 0.07407407407407407
0 0.28500000000000003 0.15046296296296297 0.05 0.06944444444444445
0 0.6866666666666668 0.7685185185185185 0.08 0.07407407407407407
