0 0.445 0.5185185185185185 0.043333333333333335 0.06481481481481481
0 0.4166666666666667 0.40277777777777773 0.09333333333333334 0.12037037037037036
0 0.8433333333333334 0.45370370370370366 0.060000000000000005 0.07407407407407407
0 0.7033333333333334 0.5879629629629629 0.06666666666666667 0.09259259259259259
0 0.7983333333333333 0.5625 0.05 0.06018518518518518
0 0.6166666666666667 0.6064814814814814 0.06666666666666667 0.08333333333333333
0 0.7050000000000001 0.8263888888888888 0.043333333333333335 0.06944444444444445
0 0.26333333333333336 0.14814814814814814 0.08 0.07407407407407407
0 0.8300000000000001 0.7916666666666666 0.07333333333333333 0.07407407407407407
0 0.12666666666666668 0.7314814814814814 0.060000000000000005 0.10185185185185185
