0 0.478125 0.4438775510204081 0.0625 0.09183673469387754
0 0.846875 0.40306122448979587 0.06875 0.11224489795918366
0 0.39375000000000004 0.6938775510204082 0.05 0.08163265306122448
0 0.8812500000000001 0.16326530612244897 0.06875 0.08163265306122448
0 0.49062500000000003 0.13265306122448978 0.0625 0.1020408163265306
0 0.6531250000000001 0.520408163265306 0.0625 0.09183673469387754
0 0.5875 0.6479591836734694 0.0625 0.14285714285714285
0 0.309375 0.260204081632653 0.07500000000000001 0.11224489795918366
0 0.496875 0.7653061224489796 0.07500000000000001 0.12244897959183673
0 0.1125 0.4948979591836734 0.07500000000000001 0.13265306122448978
0 0.884375 0.7908163265306122 0.07500000000000001 0.11224489795918366
