0 0.478125 0.4438775510204081 0.0625 0.09183673469387754
0 0.671875 0.6377551020408163 0.08125 0.13265306122448978
0 0.140625 0.846938775510204 0.05625 0.1020408163265306
0 0.234375 0.22448979591836732 0.06875 0.09183673469387754
0 0.7718750000000001 0.6887755102040816 0.0625 0.11224489795918366
0 0.515625 0.7857142857142857 0.0625 0.11224489795918366
0 0.6000000000000001 0.11224489795918366 0.0625 0.09183673469387754
0 0.8968750000000001 0.6836734693877551 0.05 0.07142857142857142
0 0.32343750000000004 0.48724489795918363 0.046875 0.07653061224489795
0 0.8953125000000001 0.18622448979591835 0.046875 0.07653061224489795
