0 0.20714285714285713 0.5197368421052632 0.049999999999999996 0.06578947368421052
0 0.175 0.7280701754385964 0.07142857142857142 0.09649122807017543
0 0.6142857142857142 0.5482456140350876 0.09999999999999999 0.09649122807017543
0 0.8892857142857142 0.12280701754385964 0.06428571428571428 0.09649122807017543
0 0.11428571428571428 0.881578947368421 0.06428571428571428 0.07894736842105263
0 0.5 0.8771929824561403 0.06428571428571428 0.09649122807017543
0 0.6214285714285714 0.4122807017543859 0.07142857142857142 0.12280701754385964
0 0.14285714285714285 0.4473684210526315 0.07142857142857142 0.07894736842105263
0 0.8928571428571428 0.5701754385964912 0.09285714285714286 0.08771929824561403
0 0.375 0.5307017543859649 0.09999999999999999 0.13157894736842105
