0 0.20714285714285713 0.5197368421052632 0.049999999999999996 0.06578947368421052
0 0.7642857142857142 0.8289473684210525 0.07142857142857142 0.08771929824561403
0 0.6642857142857143 0.8289473684210525 0.09285714285714286 0.10526315789473684
0 0.3107142857142857 0.8289473684210525 0.09285714285714286 0.11403508771929824
0 0.4482142857142857 0.8135964912280701 0.04642857142857143 0.06578947368421052
0 0.20535714285714285 0.4320175438596491 0.05357142857142857 0.05701754385964912
0 0.20892857142857144 0.1337719298245614 0.05357142857142857 0.06578947368421052
0 0.48928571428571427 0.6008771929824561 0.05714285714285714 0.07017543859649122
0 0.34285714285714286 0.27192982456140347 0.07142857142857142 0.10526315789473684
0 0.8964285714285714 0.6578947368421052 0.06428571428571428 0.08771929824561403
0 0.7803571428571429 0.4495614035087719 0.04642857142857143 0.06578947368421052
