0 0.47500000000000003 0.4464285714285714 0.043750000000000004 0.08673469387755102
0 0.44062500000000004 0.25510204081632654 0.05625 0.08163265306122448
0 0.853125 0.673469387755102 0.05625 0.08163265306122448
0 0.7937500000000001 0.5051020408163265 0.06875 0.12244897959183673
0 0.14375000000000002 0.4387755102040816 0.06875 0.09183673469387754
0 0.7375 0.7244897959183673 0.06875 0.1020408163265306
0 0.240625 0.4336734693877551 0.08125 0.1020408163265306
0 0.55625 0.36734693877551017 0.0625 0.1020408163265306
0 0.384375 0.09183673469387754 0.07500000000000001 0.11224489795918366
0 0.8875000000000001 0.4540816326530612 0.0625 0.1020408163265306
0 0.80625 0.846938775510204 0.08125 0.1020408163265306
