0 0.47500000000000003 0.4464285714285714 0.043750000000000004 0.08673469387755102
0 0.5906250000000001 0.32653061224489793 0.05 0.09183673469387754
0 0.328125 0.7499999999999999 0.06875 0.1020408163265306
0 0.453125 0.17857142857142855 0.0625 0.11224489795918366
0 0.65 0.8673469387755102 0.08125 0.14285714285714285
0 0.828125 0.20918367346938774 0.07500000000000001 0.11224489795918366
0 0.6671875 0.5943877551020408 0.046875 0.07653061224489795
0 0.38125000000000003 0.09183673469387754 0.07500000000000001 0.12244897959183673
0 0.209375 0.19897959183673466 0.0625 0.11224489795918366
0 0.5375 0.12244897959183673 0.08125 0.12244897959183673
