0 0.478125 0.4438775510204081 0.05625 0.1020408163265306
0 0.3875 0.22959183673469385 0.06875 0.11224489795918366
0 0.3375 0.4693877551020408 0.0625 0.11224489795918366
0 0.696875 0.8928571428571428 0.08125 0.1020408163265306
0 0.6234375000000001 0.4464285714285714 0.046875 0.07653061224489795
0 0.15937500000000002 0.4540816326530612 0.05625 0.09183673469387754
0 0.76875 0.7551020408163265 0.07500000000000001 0.14285714285714285
0 0.8625 0.33163265306122447 0.05 0.1020408163265306
0 0.6625000000000001 0.2704081632653061 0.08125 0.11224489795918366
0 0.22812500000000002 0.6632653061224489 0.05625 0.08163265306122448
