0 0.478125 0.4438775510204081 0.05625 0.1020408163265306
0 0.22812500000000002 0.13265306122448978 0.05625 0.11224489795918366
0 0.534375 0.19387755102040816 0.05625 0.09183673469387754
0 0.6781250000000001 0.16326530612244897 0.05 0.07142857142857142
0 0.47187500000000004 0.2857142857142857 0.05625 0.08163265306122448
0 0.12812500000000002 0.7244897959183673 0.05625 0.11224489795918366
0 0.3125 0.36734693877551017 0.07500000000000001 0.12244897959183673
0 0.8656250000000001 0.36224489795918363 0.05 0.08163265306122448
0 0.40937500000000004 0.673469387755102 0.05625 0.11224489795918366
0 0.6156250000000001 0.17857142857142855 0.06875 0.11224489795918366
0 0.17343750000000002 0.1301020408163265 0.046875 0.07653061224489795
