0 0.4765625 0.44132653061224486 0.059375000000000004 0.08673469387755102
0 0.30000000000000004 0.1377551020408163 0.0625 0.09183673469387754
0 0.371875 0.5561224489795918 0.07500000000000001 0.08163265306122448
0 0.19687500000000002 0.6224489795918366 0.05625 0.09183673469387754
0 0.6312500000000001 0.6122448979591836 0.0625 0.11224489795918366
0 0.71875 0.7959183673469387 0.08750000000000001 0.1020408163265306
0 0.603125 0.7244897959183673 0.05625 0.09183673469387754
0 0.8765625 0.3137755102040816 0.046875 0.07653061224489795
0 0.8125 0.29591836734693877 0.06875 0.1020408163265306
0 0.47187500000000004 0.586734693877551 0.05625 0.1020408163265306
