0 0.4765625 0.44132653061224486 0.059375000000000004 0.08673469387755102
0 0.65 0.836734693877551 0.0625 0.11224489795918366
0 0.728125 0.770408163265306 0.0625 0.11224489795918366
0 0.44375000000000003 0.8163265306122448 0.06875 0.1020408163265306
0 0.12812500000000002 0.26530612244897955 0.06875 0.1020408163265306
0 0.8031250000000001 0.23979591836734693 0.07500000000000001 0.11224489795918366
0 0.7156250000000001 0.520408163265306 0.0625 0.09183673469387754
0 0.496875 0.5612244897959183 0.06875 0.1020408163265306
0 0.8718750000000001 0.6173469387755102 0.08125 0.14285714285714285
0 0.1296875 0.5127551020408163 0.046875 0.06632653061224489
0 0.36562500000000003 0.19897959183673466 0.08125 0.09183673469387754
