0 0.47187500000000004 0.4464285714285714 0.05625 0.07653061224489795
0 0.359375 0.8418367346938774 0.07500000000000001 0.11224489795918366
0 0.1484375 0.25255102040816324 0.046875 0.06632653061224489
0 0.3953125 0.2423469387755102 0.046875 0.07653061224489795
0 0.6125 0.7755102040816326 0.06875 0.12244897959183673
0 0.234375 0.10714285714285714 0.08125 0.14285714285714285
0 0.2890625 0.3443877551020408 0.046875 0.07653061224489795
0 0.8718750000000001 0.3010204081632653 0.06875 0.09183673469387754
0 0.6671875 0.6403061224489796 0.046875 0.06632653061224489
0 0.58125 0.3214285714285714 0.07500000000000001 0.11224489795918366
