0 0.47187500000000004 0.4464285714285714 0.05625 0.07653061224489795
0 0.878125 0.1173469387755102 0.08750000000000001 0.13265306122448978
0 0.3765625 0.3341836734693877 0.046875 0.07653061224489795
0 0.86875 0.6683673469387754 0.0625 0.11224489795918366
0 0.20468750000000002 0.645408163265306 0.046875 0.07653061224489795
0 0.7875000000000001 0.423469387755102 0.05625 0.09183673469387754
0 0.540625 0.6938775510204082 0.07500000000000001 0.11224489795918366
0 0.44375000000000003 0.7244897959183673 0.0625 0.09183673469387754
0 0.134375 0.37755102040816324 0.0625 0.1020408163265306
0 0.3953125 0.4209183673469387 0.046875 0.07653061224489795
0 0.784375 0.2346938775510204 0.07500000000000001 0.12244897959183673
