0 0.20714285714285713 0.5263157894736842 0.06428571428571428 0.07017543859649122
0 0.21785714285714286 0.381578947368421 0.08571428571428572 0.11403508771929824
0 0.47857142857142854 0.5657894736842105 0.03571428571428571 0.10526315789473684
0 0.5821428571428571 0.3771929824561403 0.07857142857142857 0.08771929824561403
0 0.2767857142857143 0.6228070175438596 0.10357142857142856 0.09649122807017543
0 0.3892857142857143 0.7807017543859649 0.09285714285714286 0.11403508771929824
0 0.16428571428571428 0.2675438596491228 0.05714285714285714 0.08771929824561403
0 0.20357142857142857 0.8399122807017544 0.10714285714285714 0.13596491228070173
0 0.6928571428571428 0.5263157894736842 0.07142857142857142 0.08771929824561403
0 0.575 0.7105263157894737 0.07142857142857142 0.09649122807017543
0 0.8678571428571429 0.6973684210526315 0.09999999999999999 0.07894736842105263
