0 0.20714285714285713 0.5263157894736842 0.06428571428571428 0.07017543859649122
0 0.27499999999999997 0.20614035087719296 0.08571428571428572 0.11403508771929824
0 0.6 0.12280701754385964 0.07142857142857142 0.07017543859649122
0 0.5642857142857143 0.27192982456140347 0.07857142857142857 0.08771929824561403
0 0.8071428571428572 0.3289473684210526 0.09285714285714286 0.07894736842105263
0 0.2571428571428571 0.7368421052631579 0.06428571428571428 0.09649122807017543
0 0.3 0.5526315789473684 0.07142857142857142 0.07894736842105263
0 0.6071428571428571 0.43421052631578944 0.11428571428571428 0.10526315789473684
0 0.5964285714285714 0.8114035087719298 0.07142857142857142 0.09649122807017543
0 0.35357142857142854 0.7587719298245613 0.09999999999999999 0.11403508771929824
