0 0.4734375 0.4464285714285714 0.046875 0.08673469387755102
0 0.7562500000000001 0.5510204081632653 0.05625 0.11224489795918366
0 0.30000000000000004 0.5816326530612245 0.05625 0.08163265306122448
0 0.8500000000000001 0.3112244897959183 0.08750000000000001 0.11224489795918366
0 0.325 0.2755102040816326 0.043750000000000004 0.08163265306122448
0 0.1375 0.3724489795918367 0.0625 0.09183673469387754
0 0.8 0.8112244897959183 0.05625 0.09183673469387754
0 0.665625 0.846938775510204 0.05625 0.11224489795918366
0 0.146875 0.836734693877551 0.09375 0.11224489795918366
0 0.859375 0.1530612244897959 0.07500000000000001 0.08163265306122448
0 0.546875 0.7806122448979591 0.08125 0.11224489795918366
