0 0.4734375 0.4464285714285714 0.046875 0.08673469387755102
0 0.23750000000000002 0.8316326530612245 0.05625 0.11224489795918366
0 0.12187500000000001 0.47959183673469385 0.08750000000000001 0.11224489795918366
0 0.35000000000000003 0.2040816326530612 0.06875 0.1020408163265306
0 0.6156250000000001 0.6122448979591836 0.07500000000000001 0.11224489795918366
0 0.546875 0.7959183673469387 0.05 0.07142857142857142
0 0.8812500000000001 0.09183673469387754 0.0625 0.1020408163265306
0 0.525 0.20918367346938774 0.05625 0.09183673469387754
0 0.184375 0.2193877551020408 0.0625 0.11224489795918366
0 0.728125 0.8724489795918366 0.05625 0.1020408163265306
