0 0.4734375 0.44132653061224486 0.053125000000000006 0.08673469387755102
0 0.7000000000000001 0.29081632653061223 0.06875 0.11224489795918366
0 0.309375 0.11224489795918366 0.05625 0.1020408163265306
0 0.628125 0.6326530612244897 0.06875 0.1020408163265306
0 0.5625 0.19387755102040816 0.07500000000000001 0.11224489795918366
0 0.12812500000000002 0.14795918367346939 0.1 0.1020408163265306
0 0.8250000000000001 0.8775510204081632 0.08125 0.14285714285714285
0 0.11875000000000001 0.6479591836734694 0.06875 0.12244897959183673
0 0.384375 0.5561224489795918 0.05625 0.11224489795918366
0 0.7093750000000001 0.7806122448979591 0.06875 0.1020408163265306
0 0.1015625 0.47704081632653056 0.046875 0.07653061224489795
