0 0.4734375 0.44132653061224486 0.053125000000000006 0.08673469387755102
0 0.7406250000000001 0.7653061224489796 0.07500000000000001 0.1020408163265306
0 0.340625 0.5255102040816326 0.043750000000000004 0.08163265306122448
0 0.18125000000000002 0.2193877551020408 0.06875 0.1020408163265306
0 0.584375 0.46428571428571425 0.0625 0.11224489795918366
0 0.8625 0.2193877551020408 0.06875 0.11224489795918366
0 0.48750000000000004 0.5510204081632653 0.06875 0.09183673469387754
0 0.828125 0.3877551020408163 0.08125 0.1020408163265306
0 0.384375 0.3010204081632653 0.06875 0.1020408163265306
0 0.184375 0.6377551020408163 0.09375 0.11224489795918366
