0 0.44333333333333336 0.5185185185185185 0.04 0.05555555555555555
0 0.7233333333333334 0.6805555555555555 0.07333333333333333 0.1111111111111111
0 0.8016666666666667 0.44675925925925924 0.05 0.06944444444444445
0 0.62 0.8518518518518519 0.07333333333333333 0.12037037037037036
0 0.2916666666666667 0.5347222222222222 0.043333333333333335 0.06944444444444445
0 0.45 0.6296296296296295 0.07333333333333333 0.09259259259259259
0 0.21666666666666667 0.35185185185185186 0.06666666666666667 0.10185185185185185
0 0.6916666666666668 0.1597222222222222 0.05 0.06018518518518518
0 0.17833333333333334 0.7847222222222222 0.043333333333333335 0.06944444444444445
0 0.29333333333333333 0.34259259259259256 0.06666666666666667 0.07407407407407407
0 0.8833333333333334 0.7222222222222222 0.07333333333333333 0.09259259259259259
