0 0.44333333333333336 0.5185185185185185 0.04 0.05555555555555555
0 0.6066666666666667 0.5046296296296297 0.04666666666666667 0.07407407407407407
0 0.22666666666666668 0.38425925925925924 0.07333333333333333 0.12037037037037036
0 0.6666666666666667 0.7916666666666666 0.07333333333333333 0.08333333333333333
0 0.3866666666666667 0.7638888888888888 0.06666666666666667 0.09259259259259259
0 0.2566666666666667 0.5925925925925926 0.10666666666666667 0.09259259259259259
0 0.5333333333333333 0.6342592592592592 0.060000000000000005 0.10185185185185185
0 0.8433333333333334 0.7916666666666666 0.06666666666666667 0.09259259259259259
0 0.18000000000000002 0.8148148148148148 0.04666666666666667 0.07407407407407407
0 0.775 0.15046296296296297 0.05 0.06944444444444445
