0 0.445 0.5185185185185185 0.043333333333333335 0.05555555555555555
0 0.165 0.3449074074074074 0.043333333333333335 0.06944444444444445
0 0.10333333333333335 0.8148148148148148 0.05333333333333334 0.07407407407407407
0 0.7000000000000001 0.7731481481481481 0.08666666666666667 0.12037037037037036
0 0.7633333333333334 0.15277777777777776 0.07333333333333333 0.1111111111111111
0 0.5833333333333334 0.7268518518518519 0.07333333333333333 0.07407407407407407
0 0.21666666666666667 0.4907407407407407 0.060000000000000005 0.10185185185185185
0 0.6166666666666667 0.2175925925925926 0.07333333333333333 0.1111111111111111
0 0.15666666666666668 0.1388888888888889 0.07333333333333333 0.09259259259259259
0 0.8700000000000001 0.6481481481481481 0.060000000000000005 0.07407407407407407
