0 0.445 0.5185185185185185 0.043333333333333335 0.05555555555555555
0 0.23 0.7546296296296295 0.060000000000000005 0.08333333333333333
0 0.7666666666666667 0.4768518518518518 0.06666666666666667 0.09259259259259259
0 0.25333333333333335 0.5509259259259259 0.08666666666666667 0.10185185185185185
0 0.8033333333333333 0.861111111111111 0.05333333333333334 0.08333333333333333
0 0.49000000000000005 0.35185185185185186 0.07333333333333333 0.09259259259259259
0 0.6766666666666667 0.736111111111111 0.11333333333333334 0.1111111111111111
0 0.38333333333333336 0.46759259259259256 0.07333333333333333 0.12037037037037036
0 0.8766666666666667 0.8101851851851851 0.08 0.09259259259259259
0 0.14333333333333334 0.8657407407407407 0.07333333333333333 0.10185185185185185
0 0.6266666666666667 0.10648148148148148 0.06666666666666667 0.10185185185185185
