0 0.21071428571428572 0.5219298245614035 0.049999999999999996 0.06140350877192982
0 0.41428571428571426 0.5833333333333333 0.06428571428571428 0.08771929824561403
0 0.8607142857142857 0.18859649122807015 0.07857142857142857 0.09649122807017543
0 0.35178571428571426 0.2631578947368421 0.10357142857142856 0.09649122807017543
0 0.6714285714285714 0.18859649122807015 0.07142857142857142 0.07894736842105263
0 0.2357142857142857 0.23684210526315788 0.09285714285714286 0.09649122807017543
0 0.6142857142857142 0.8552631578947368 0.07857142857142857 0.10526315789473684
0 0.45714285714285713 0.2543859649122807 0.07857142857142857 0.10526315789473684
0 0.1625 0.1469298245614035 0.05357142857142857 0.05701754385964912
0 0.5178571428571428 0.5745614035087719 0.07857142857142857 0.08771929824561403
