0 0.21071428571428572 0.5219298245614035 0.049999999999999996 0.06140350877192982
0 0.45 0.5570175438596491 0.07857142857142857 0.09649122807017543
0 0.46428571428571425 0.8508771929824561 0.07142857142857142 0.07894736842105263
0 0.37142857142857144 0.3421052631578947 0.07142857142857142 0.09649122807017543
0 0.65 0.43421052631578944 0.07857142857142857 0.11403508771929824
0 0.24285714285714285 0.14035087719298245 0.07857142857142857 0.08771929824561403
0 0.11071428571428571 0.24122807017543857 0.06428571428571428 0.07017543859649122
0 0.825 0.45614035087719296 0.07142857142857142 0.08771929824561403
0 0.39999999999999997 0.7017543859649122 0.06428571428571428 0.09649122807017543
0 0.2357142857142857 0.2324561403508772 0.05714285714285714 0.06140350877192982
0 0.575 0.26096491228070173 0.09285714285714286 0.07456140350877193
