0 0.21071428571428572 0.5241228070175439 0.04285714285714286 0.05701754385964912
0 0.3196428571428571 0.3837719298245614 0.04642857142857143 0.06578947368421052
0 0.21785714285714286 0.8157894736842105 0.07142857142857142 0.09649122807017543
0 0.8607142857142857 0.8421052631578947 0.07142857142857142 0.09649122807017543
0 0.8642857142857142 0.293859649122807 0.07857142857142857 0.09649122807017543
0 0.6178571428571429 0.7280701754385964 0.07142857142857142 0.08771929824561403
0 0.7517857142857143 0.49780701754385964 0.04642857142857143 0.06578947368421052
0 0.14285714285714285 0.763157894736842 0.05714285714285714 0.06140350877192982
0 0.46785714285714286 0.43859649122807015 0.07857142857142857 0.08771929824561403
0 0.3964285714285714 0.6929824561403508 0.06428571428571428 0.09649122807017543
