0 0.21071428571428572 0.5241228070175439 0.04285714285714286 0.05701754385964912
0 0.7607142857142857 0.4605263157894737 0.07142857142857142 0.07894736842105263
0 0.6214285714285714 0.7149122807017544 0.09999999999999999 0.11403508771929824
0 0.23214285714285712 0.7763157894736842 0.06428571428571428 0.07017543859649122
0 0.8214285714285714 0.706140350877193 0.07857142857142857 0.08771929824561403
0 0.8321428571428571 0.25 0.05714285714285714 0.08771929824561403
0 0.3196428571428571 0.4320175438596491 0.04642857142857143 0.06578947368421052
0 0.7571428571428571 0.32456140350877194 0.07142857142857142 0.07894736842105263
0 0.6071428571428571 0.381578947368421 0.06428571428571428 0.08771929824561403
0 0.4125 0.1732456140350877 0.04642857142857143 0.06578947368421052
0 0.3678571428571428 0.3070175438596491 0.07857142857142857 0.07894736842105263
