0 0.20892857142857144 0.5263157894736842 0.05357142857142857 0.06140350877192982
0 0.7714285714285714 0.40350877192982454 0.06428571428571428 0.09649122807017543
0 0.44285714285714284 0.10526315789473684 0.07142857142857142 0.07017543859649122
0 0.6214285714285714 0.5350877192982456 0.07142857142857142 0.08771929824561403
0 0.6303571428571428 0.831140350877193 0.04642857142857143 0.06578947368421052
0 0.8464285714285714 0.4649122807017544 0.07142857142857142 0.08771929824561403
0 0.8428571428571429 0.6403508771929824 0.08571428571428572 0.10526315789473684
0 0.42857142857142855 0.7368421052631579 0.07857142857142857 0.08771929824561403
0 0.23214285714285712 0.2850877192982456 0.06428571428571428 0.07894736842105263
0 0.6053571428571428 0.4057017543859649 0.05357142857142857 0.06578947368421052
