0 0.20892857142857144 0.5263157894736842 0.05357142857142857 0.06140350877192982
0 0.15 0.8070175438596491 0.09999999999999999 0.10526315789473684
0 0.1607142857142857 0.37280701754385964 0.06428571428571428 0.08771929824561403
0 0.11071428571428571 0.2763157894736842 0.06428571428571428 0.09649122807017543
0 0.6392857142857142 0.45614035087719296 0.09285714285714286 0.08771929824561403
0 0.23928571428571427 0.6885964912280701 0.09999999999999999 0.08771929824561403
0 0.7428571428571429 0.2149122807017544 0.05714285714285714 0.06140350877192982
0 0.48928571428571427 0.8684210526315789 0.07857142857142857 0.07894736842105263
0 0.2642857142857143 0.12719298245614036 0.07142857142857142 0.09649122807017543
0 0.42142857142857143 0.6578947368421052 0.07857142857142857 0.09649122807017543
0 0.48392857142857143 0.7828947368421052 0.05357142857142857 0.05701754385964912
