0 0.503125 0.6052083333333333 0.028125 0.03958333333333333
0 0.34921875 0.6177083333333333 0.0328125 0.03958333333333333
0 0.63671875 0.59375 0.0328125 0.0375
0 0.70078125 0.5635416666666666 0.026562500000000003 0.04375
0 0.7296875 0.5635416666666666 0.025 0.04375
0 0.7859375000000001 0.5604166666666667 0.028125 0.0375
0 0.8835937500000001 0.5677083333333334 0.029687500000000002 0.04791666666666666
0 0.3203125 0.8583333333333333 0.034375 0.04583333333333333
0 0.46406250000000004 0.1875 0.03125 0.041666666666666664
0 0.40937500000000004 0.6375 0.03125 0.04583333333333333
0 0.10312500000000001 0.3458333333333333 0.021875000000000002 0.03333333333333333
0 0.38906250000000003 0.2520833333333333 0.040625 0.041666666666666664
0 0.7625000000000001 0.1875 0.040625 0.04583333333333333
0 0.16562500000000002 0.7291666666666666 0.03125 0.04583333333333333
0 0.609375 0.44166666666666665 0.028125 0.0375
0 0.1484375 0.8333333333333334 0.034375 0.041666666666666664
0 0.6234375000000001 0.2125 0.034375 0.0375
