0 0.503125 0.6052083333333333 0.028125 0.03958333333333333
0 0.34921875 0.6177083333333333 0.0328125 0.03958333333333333
0 0.63671875 0.59375 0.0328125 0.0375
0 0.70078125 0.5635416666666666 0.026562500000000003 0.04375
0 0.7296875 0.5635416666666666 0.025 0.04375
0 0.7859375000000001 0.5604166666666667 0.028125 0.0375
0 0.8835937500000001 0.5677083333333334 0.029687500000000002 0.04791666666666666
0 0.8484375000000001 0.56875 0.028125 0.0375
0 0.25 0.4083333333333333 0.034375 0.04583333333333333
0 0.2484375 0.7541666666666667 0.034375 0.04583333333333333
0 0.12265625000000001 0.3177083333333333 0.0234375 0.03125
0 0.34687500000000004 0.8125 0.037500000000000006 0.04583333333333333
0 0.16640625 0.8302083333333333 0.0234375 0.027083333333333334
