0 0.503125 0.6052083333333333 0.028125 0.03958333333333333
0 0.34921875 0.6177083333333333 0.0328125 0.03958333333333333
0 0.63671875 0.59375 0.0328125 0.0375
0 0.70078125 0.5635416666666666 0.026562500000000003 0.04375
0 0.7296875 0.5635416666666666 0.025 0.04375
0 0.7859375000000001 0.5604166666666667 0.028125 0.0375
0 0.8835937500000001 0.5677083333333334 0.029687500000000002 0.04791666666666666
0 0.30312500000000003 0.6104166666666666 0.043750000000000004 0.05416666666666667
0 0.3375 0.4708333333333333 0.028125 0.04583333333333333
0 0.58515625 0.20104166666666667 0.0234375 0.03125
0 0.325 0.33125 0.043750000000000004 0.0375
0 0.36562500000000003 0.8854166666666666 0.021875000000000002 0.03333333333333333
0 0.759375 0.16458333333333333 0.037500000000000006 0.04583333333333333
0 0.6828125 0.18958333333333333 0.037500000000000006 0.05
0 0.2484375 0.51875 0.03125 0.04583333333333333
