0 0.503125 0.6052083333333333 0.028125 0.03958333333333333
0 0.34921875 0.6177083333333333 0.0328125 0.03958333333333333
0 0.63671875 0.59375 0.0328125 0.0375
0 0.70078125 0.5635416666666666 0.026562500000000003 0.04375
0 0.7296875 0.5635416666666666 0.025 0.04375
0 0.7859375000000001 0.5604166666666667 0.028125 0.0375
0 0.8835937500000001 0.5677083333333334 0.029687500000000002 0.04791666666666666
0 0.09843750000000001 0.7604166666666666 0.034375 0.041666666666666664
0 0.2765625 0.15625 0.028125 0.03333333333333333
0 0.51015625 0.328125 0.0203125 0.03125
0 0.39765625000000004 0.8385416666666666 0.0203125 0.03125
