0 0.503125 0.6052083333333333 0.028125 0.03958333333333333
0 0.34921875 0.6177083333333333 0.0328125 0.03958333333333333
0 0.63671875 0.59375 0.0328125 0.0375
0 0.70078125 0.5635416666666666 0.026562500000000003 0.04375
0 0.7296875 0.5635416666666666 0.025 0.04375
0 0.7859375000000001 0.5604166666666667 0.028125 0.0375
0 0.8835937500000001 0.5677083333333334 0.029687500000000002 0.04791666666666666
0 0.8859375 0.8770833333333333 0.043750000000000004 0.04583333333333333
0 0.5234375 0.8229166666666666 0.028125 0.03333333333333333
0 0.36171875000000003 0.37395833333333334 0.0234375 0.03125
0 0.2234375 0.5625 0.034375 0.041666666666666664
0 0.24375000000000002 0.75625 0.025 0.041666666666666664
0 0.2265625 0.8666666666666667 0.040625 0.058333333333333334
0 0.6453125000000001 0.4145833333333333 0.03125 0.0375
