0 0.503125 0.6052083333333333 0.028125 0.03958333333333333
0 0.34921875 0.6177083333333333 0.0328125 0.03958333333333333
0 0.63671875 0.59375 0.0328125 0.0375
0 0.70078125 0.5635416666666666 0.026562500000000003 0.04375
0 0.7296875 0.5635416666666666 0.025 0.04375
0 0.7859375000000001 0.5604166666666667 0.028125 0.0375
0 0.8835937500000001 0.5677083333333334 0.029687500000000002 0.04791666666666666
0 0.7125 0.36875 0.037500000000000006 0.04583333333333333
0 0.571875 0.43333333333333335 0.034375 0.04583333333333333
0 0.703125 0.29583333333333334 0.03125 0.0375
0 0.42031250000000003 0.35 0.028125 0.0375
0 0.6953125 0.8604166666666666 0.028125 0.0375
0 0.1859375 0.8020833333333334 0.034375 0.05416666666666667
0 0.7984375 0.1 0.025 0.03333333333333333
0 0.8703125 0.6916666666666667 0.034375 0.0375
0 0.3328125 0.8604166666666666 0.025 0.03333333333333333
