0 0.503125 0.6052083333333333 0.028125 0.03958333333333333
0 0.34921875 0.6177083333333333 0.0328125 0.03958333333333333
0 0.63671875 0.59375 0.0328125 0.0375
0 0.70078125 0.5635416666666666 0.026562500000000003 0.04375
0 0.7296875 0.5635416666666666 0.025 0.04375
0 0.7859375000000001 0.5604166666666667 0.028125 0.0375
0 0.8835937500000001 0.5677083333333334 0.029687500000000002 0.04791666666666666
0 0.728125 0.3333333333333333 0.025 0.029166666666666667
0 0.790625 0.3854166666666667 0.025 0.041666666666666664
0 0.64375 0.6708333333333333 0.028125 0.041666666666666664
0 0.5171875 0.24166666666666667 0.028125 0.04583333333333333
0 0.6515625 0.09791666666666667 0.05 0.041666666666666664
