0 0.4765625 0.44132653061224486 0.046875 0.06632653061224489
0 0.1625 0.520408163265306 0.05625 0.09183673469387754
0 0.10625000000000001 0.5765306122448979 0.05 0.07142857142857142
0 0.12187500000000001 0.26530612244897955 0.0625 0.11224489795918366
0 0.55625 0.6479591836734694 0.0625 0.09183673469387754
0 0.5078125 0.14540816326530612 0.040625 0.07653061224489795
0 0.47187500000000004 0.6020408163265306 0.0625 0.11224489795918366
0 0.3453125 0.3801020408163265 0.040625 0.07653061224489795
0 0.659375 0.18877551020408162 0.06875 0.12244897959183673
0 0.8093750000000001 0.4081632653061224 0.043750000000000004 0.14285714285714285
0 0.6312500000000001 0.39285714285714285 0.0625 0.07142857142857142
