0 0.4765625 0.44132653061224486 0.046875 0.06632653061224489
0 0.1640625 0.16581632653061223 0.046875 0.06632653061224489
0 0.6062500000000001 0.49999999999999994 0.06875 0.1020408163265306
0 0.5 0.6377551020408163 0.05625 0.1020408163265306
0 0.15000000000000002 0.8265306122448979 0.08125 0.11224489795918366
0 0.31875000000000003 0.18367346938775508 0.06875 0.1020408163265306
0 0.8031250000000001 0.4897959183673469 0.07500000000000001 0.11224489795918366
0 0.6937500000000001 0.39795918367346933 0.06875 0.09183673469387754
0 0.33437500000000003 0.586734693877551 0.0625 0.09183673469387754
0 0.61875 0.6173469387755102 0.05625 0.09183673469387754
