0 0.445 0.5185185185185185 0.03666666666666667 0.046296296296296294
0 0.3866666666666667 0.35648148148148145 0.07333333333333333 0.10185185185185185
0 0.8016666666666667 0.8865740740740741 0.05 0.06944444444444445
0 0.35000000000000003 0.5671296296296297 0.08666666666666667 0.07870370370370369
0 0.5683333333333334 0.5393518518518519 0.05 0.06018518518518518
0 0.32666666666666666 0.16203703703703703 0.06666666666666667 0.09259259259259259
0 0.7000000000000001 0.6898148148148148 0.09333333333333334 0.10185185185185185
0 0.4 0.7777777777777777 0.05333333333333334 0.09259259259259259
0 0.11333333333333334 0.28703703703703703 0.060000000000000005 0.07407407407407407
0 0.7366666666666667 0.15277777777777776 0.07333333333333333 0.10185185185185185
