0 0.445 0.5185185185185185 0.03666666666666667 0.046296296296296294
0 0.5233333333333333 0.19907407407407407 0.05333333333333334 0.1111111111111111
0 0.11666666666666667 0.27314814814814814 0.06666666666666667 0.07407407407407407
0 0.5966666666666667 0.6666666666666666 0.06666666666666667 0.09259259259259259
0 0.33666666666666667 0.41203703703703703 0.06666666666666667 0.10185185185185185
0 0.1366666666666667 0.7222222222222222 0.08666666666666667 0.09259259259259259
0 0.8200000000000001 0.35648148148148145 0.07333333333333333 0.09259259259259259
0 0.5866666666666667 0.8055555555555555 0.07333333333333333 0.10185185185185185
0 0.6833333333333333 0.4722222222222222 0.09333333333333334 0.1388888888888889
0 0.24000000000000002 0.2037037037037037 0.060000000000000005 0.10185185185185185
0 0.7000000000000001 0.6898148148148148 0.09333333333333334 0.12037037037037036
