0 0.20892857142857144 0.5219298245614035 0.039285714285714285 0.05263157894736842
0 0.8071428571428572 0.7105263157894737 0.07857142857142857 0.07894736842105263
0 0.4107142857142857 0.4605263157894737 0.06428571428571428 0.07894736842105263
0 0.7428571428571429 0.21052631578947367 0.049999999999999996 0.07017543859649122
0 0.3464285714285714 0.5219298245614035 0.05714285714285714 0.07017543859649122
0 0.8892857142857142 0.3464912280701754 0.05714285714285714 0.06140350877192982
0 0.3857142857142857 0.23684210526315788 0.06428571428571428 0.07017543859649122
0 0.1607142857142857 0.3684210526315789 0.09285714285714286 0.09649122807017543
0 0.7107142857142857 0.8552631578947368 0.06428571428571428 0.07894736842105263
0 0.3857142857142857 0.15789473684210525 0.06428571428571428 0.07894736842105263
0 0.3964285714285714 0.8464912280701754 0.07142857142857142 0.09649122807017543
