0 0.20892857142857144 0.5219298245614035 0.039285714285714285 0.05263157894736842
0 0.6285714285714286 0.5701754385964912 0.06428571428571428 0.07894736842105263
0 0.5785714285714285 0.6578947368421052 0.07142857142857142 0.08771929824561403
0 0.22857142857142856 0.8640350877192982 0.07142857142857142 0.10526315789473684
0 0.7357142857142857 0.587719298245614 0.049999999999999996 0.12280701754385964
0 0.5928571428571429 0.20175438596491227 0.05714285714285714 0.07017543859649122
0 0.5071428571428571 0.8464912280701754 0.07142857142857142 0.08771929824561403
0 0.42857142857142855 0.45175438596491224 0.07857142857142857 0.08771929824561403
0 0.11428571428571428 0.8706140350877193 0.10714285714285714 0.13596491228070173
0 0.7964285714285714 0.7543859649122806 0.07857142857142857 0.09649122807017543
