0 0.35781250000000003 0.6 0.021875000000000002 0.0375
0 0.19921875 0.6114583333333333 0.029687500000000002 0.03958333333333333
0 0.478125 0.584375 0.025 0.035416666666666666
0 0.5085937500000001 0.5864583333333333 0.029687500000000002 0.03958333333333333
0 0.5515625000000001 0.5541666666666667 0.025 0.04583333333333333
0 0.5828125000000001 0.55625 0.028125 0.041666666666666664
0 0.63984375 0.5520833333333334 0.0328125 0.0375
0 0.7351562500000001 0.559375 0.0328125 0.03958333333333333
0 0.9476562500000001 0.5395833333333333 0.035937500000000004 0.04583333333333333
0 0.58125 0.63125 0.021875000000000002 0.058333333333333334
0 0.3921875 0.37083333333333335 0.034375 0.05
0 0.2421875 0.6916666666666667 0.034375 0.04583333333333333
0 0.1296875 0.78125 0.037500000000000006 0.04583333333333333
0 0.184375 0.24583333333333332 0.03125 0.0375
0 0.134375 0.85 0.034375 0.05
0 0.8109375000000001 0.49374999999999997 0.037500000000000006 0.05
0 0.6046875 0.14375 0.034375 0.04583333333333333
