0 0.35781250000000003 0.6 0.021875000000000002 0.0375
0 0.19921875 0.6114583333333333 0.029687500000000002 0.03958333333333333
0 0.478125 0.584375 0.025 0.035416666666666666
0 0.5085937500000001 0.5864583333333333 0.029687500000000002 0.03958333333333333
0 0.5515625000000001 0.5541666666666667 0.025 0.04583333333333333
0 0.5828125000000001 0.55625 0.028125 0.041666666666666664
0 0.63984375 0.5520833333333334 0.0328125 0.0375
0 0.7351562500000001 0.559375 0.0328125 0.03958333333333333
0 0.9476562500000001 0.5395833333333333 0.035937500000000004 0.04583333333333333
0 0.48828125 0.8864583333333333 0.0234375 0.027083333333333334
0 0.18203125 0.459375 0.0234375 0.03125
0 0.1203125 0.75 0.03125 0.04583333333333333
0 0.42500000000000004 0.6958333333333333 0.034375 0.05416666666666667
0 0.51875 0.2520833333333333 0.03125 0.04583333333333333
0 0.640625 0.634375 0.046875 0.06458333333333333
0 0.1625 0.7395833333333334 0.034375 0.05416666666666667
