0 0.35781250000000003 0.6 0.021875000000000002 0.0375
0 0.19921875 0.6114583333333333 0.029687500000000002 0.03958333333333333
0 0.478125 0.584375 0.025 0.035416666666666666
0 0.5085937500000001 0.5864583333333333 0.029687500000000002 0.03958333333333333
0 0.5515625000000001 0.5541666666666667 0.025 0.04583333333333333
0 0.5828125000000001 0.55625 0.028125 0.041666666666666664
0 0.63984375 0.5520833333333334 0.0328125 0.0375
0 0.7351562500000001 0.559375 0.0328125 0.03958333333333333
0 0.9476562500000001 0.5395833333333333 0.035937500000000004 0.04583333333333333
0 0.44453125000000004 0.14895833333333333 0.0234375 0.03125
0 0.27968750000000003 0.6979166666666666 0.03125 0.029166666666666667
0 0.42812500000000003 0.3625 0.05 0.05
0 0.6046875 0.79375 0.028125 0.041666666666666664
0 0.8171875000000001 0.5125 0.043750000000000004 0.04583333333333333
0 0.8796875000000001 0.8479166666666667 0.025 0.041666666666666664
0 0.6703125000000001 0.6145833333333334 0.034375 0.041666666666666664
0 0.30000000000000004 0.8395833333333333 0.034375 0.05
0 0.4734375 0.2916666666666667 0.03125 0.0375
0 0.15937500000000002 0.8479166666666667 0.037500000000000006 0.058333333333333334
