0 0.35781250000000003 0.6 0.021875000000000002 0.0375
0 0.19921875 0.6114583333333333 0.029687500000000002 0.03958333333333333
0 0.478125 0.584375 0.025 0.035416666666666666
0 0.5085937500000001 0.5864583333333333 0.029687500000000002 0.03958333333333333
0 0.5515625000000001 0.5541666666666667 0.025 0.04583333333333333
0 0.5828125000000001 0.55625 0.028125 0.041666666666666664
0 0.63984375 0.5520833333333334 0.0328125 0.0375
0 0.7351562500000001 0.559375 0.0328125 0.03958333333333333
0 0.9476562500000001 0.5395833333333333 0.035937500000000004 0.04583333333333333
0 0.609375 0.29583333333333334 0.025 0.03333333333333333
0 0.28359375000000003 0.778125 0.0234375 0.027083333333333334
0 0.565625 0.10625 0.025 0.041666666666666664
0 0.7515625 0.8354166666666667 0.03125 0.04583333333333333
0 0.171875 0.8291666666666666 0.028125 0.03333333333333333
0 0.8625 0.20416666666666666 0.015625 0.05
0 0.32656250000000003 0.11041666666666666 0.025 0.029166666666666667
0 0.7203125 0.15625 0.034375 0.041666666666666664
0 0.5375 0.6479166666666667 0.025 0.029166666666666667
