0 0.8005093378607809 0.3397129186602871 0.04584040747028863 0.04784688995215311
0 0.3870967741935484 0.7894736842105263 0.030560271646859084 0.043062200956937795
1 0.66553480475382 0.5980861244019139 0.06112054329371817 0.08612440191387559
1 0.7181663837011885 0.9174641148325359 0.07809847198641766 0.07894736842105263
1 0.45755517826825126 0.8205741626794258 0.06621392190152801 0.08612440191387559
1 0.8718166383701188 0.6626794258373205 0.06621392190152801 0.08612440191387559
1 0.39558573853989815 0.9389952153110047 0.07130730050933785 0.09330143540669857
1 0.7529711375212224 0.6507177033492823 0.06621392190152801 0.08612440191387559
1 0.599320882852292 0.7093301435406698 0.06112054329371817 0.09330143540669857
1 0.4898132427843803 0.6004784688995215 0.06621392190152801 0.10047846889952153
