0 0.2643229166666667 0.13804347826086957 0.015104166666666667 0.03695652173913044
0 0.2830729166666667 0.15 0.011979166666666666 0.017391304347826087
0 0.35104166666666664 0.1782608695652174 0.015625 0.02391304347826087
1 0.8265625 0.6293478260869565 0.011458333333333333 0.06739130434782609
1 0.5752604166666666 0.7494565217391305 0.021354166666666667 0.07934782608695652
1 0.6140625 0.8445652173913044 0.014583333333333334 0.09565217391304348
1 0.72890625 0.6347826086956522 0.015104166666666667 0.09130434782608696
1 0.43515624999999997 0.7663043478260869 0.022395833333333334 0.0782608695652174
1 0.7671875 0.5396739130434782 0.017708333333333333 0.0923913043478261
1 0.5122395833333333 0.9032608695652175 0.0203125 0.08695652173913043
1 0.53046875 0.5679347826086957 0.018229166666666668 0.08586956521739131
1 0.6596354166666667 0.7711956521739131 0.021354166666666667 0.07282608695652174
1 0.490625 0.8190217391304347 0.01875 0.08804347826086957
