0 0.26666666666666666 0.13804347826086957 0.021875 0.043478260869565216
0 0.2830729166666667 0.15380434782608696 0.011979166666666666 0.025
0 0.3494791666666667 0.1782608695652174 0.017708333333333333 0.02391304347826087
1 0.44895833333333335 0.9347826086956522 0.015625 0.07173913043478261
1 0.6471354166666666 0.8809782608695652 0.021354166666666667 0.07934782608695652
1 0.7346354166666667 0.6673913043478261 0.013020833333333334 0.07608695652173914
1 0.4940104166666667 0.907608695652174 0.0203125 0.08695652173913043
1 0.46328125 0.7467391304347826 0.015104166666666667 0.09130434782608696
1 0.69453125 0.8146739130434782 0.018229166666666668 0.08586956521739131
1 0.50234375 0.7081521739130435 0.021354166666666667 0.07282608695652174
1 0.5736979166666667 0.7239130434782609 0.022395833333333334 0.0782608695652174
